1 2
1 3
1 4
1 5
1 6
1 7
1 8
1 9
1 10
1 11
1 12
1 13
1 14
2 3
2 4
2 5
2 6
2 7
2 12
2 13
2 21
2 23
2 27
2 29
2 32
2 33
2 35
2 37
2 41
2 43
2 44
2 52
2 54
2 55
2 58
2 59
2 60
2 61
2 63
2 66
2 67
2 68
2 70
2 71
2 74
2 75
2 84
2 86
2 87
2 89
2 91
2 92
2 94
2 95
2 96
2 99
2 101
2 102
2 105
2 106
2 111
2 117
2 119
2 122
2 124
2 130
2 134
2 135
2 148
2 152
2 168
2 172
2 174
2 185
2 186
2 187
2 189
2 193
2 200
2 204
2 207
2 212
2 216
2 226
2 229
2 230
2 231
2 232
2 233
2 234
2 235
2 236
2 237
2 238
2 239
2 240
2 241
2 242
2 243
2 244
2 245
2 246
2 247
2 248
2 249
2 250
2 251
2 252
2 253
2 254
2 255
2 256
2 257
2 258
2 259
2 260
2 261
2 262
2 263
2 264
2 265
2 266
2 267
2 268
2 269
2 270
2 271
2 272
2 273
3 5
3 70
3 86
3 105
3 149
3 150
3 189
3 211
3 212
3 408
3 409
4 5
4 9
4 16
4 19
4 32
4 37
4 41
4 43
4 44
4 48
4 54
4 56
4 60
4 67
4 71
4 96
4 117
4 146
4 185
4 189
4 207
4 216
4 221
4 238
4 249
4 264
4 268
4 277
4 285
4 288
4 293
4 297
4 308
4 355
4 366
4 372
4 464
4 533
4 539
4 588
4 589
4 590
4 591
4 592
4 593
4 594
4 595
4 596
4 597
5 6
5 9
5 13
5 18
5 26
5 27
5 29
5 32
5 33
5 37
5 52
5 54
5 55
5 58
5 61
5 63
5 67
5 71
5 89
5 91
5 92
5 93
5 98
5 99
5 105
5 106
5 111
5 117
5 122
5 124
5 135
5 150
5 153
5 177
5 179
5 183
5 193
5 214
5 247
5 267
5 275
5 279
5 290
5 292
5 311
5 318
5 357
5 373
5 410
5 421
5 422
5 444
5 455
5 476
5 512
5 529
5 537
5 588
5 590
5 619
5 733
5 734
5 735
5 736
6 12
6 21
6 23
6 26
6 27
6 32
6 41
6 43
6 44
6 54
6 56
6 60
6 63
6 67
6 70
6 71
6 73
6 77
6 84
6 89
6 92
6 94
6 98
6 99
6 101
6 106
6 111
6 117
6 119
6 133
6 135
6 142
6 165
6 168
6 177
6 178
6 179
6 189
6 197
6 201
6 205
6 207
6 216
6 223
6 227
6 239
6 244
6 247
6 248
6 253
6 286
6 288
6 290
6 292
6 297
6 315
6 317
6 322
6 411
6 414
6 471
6 495
6 507
6 510
6 517
6 521
6 550
6 670
6 686
6 693
6 702
6 748
6 749
6 750
6 751
7 9
7 12
7 33
7 41
7 52
7 54
7 58
7 60
7 63
7 70
7 92
7 96
7 99
7 105
7 172
7 189
7 190
7 232
7 243
7 261
7 275
7 297
7 323
7 361
7 362
7 375
7 400
7 416
7 435
7 458
7 460
7 478
7 494
7 535
7 629
7 738
7 758
7 781
7 782
7 783
8 13
8 33
8 37
8 54
8 70
8 94
8 99
8 108
8 211
8 216
8 235
8 621
8 677
8 688
8 791
8 825
9 13
9 41
9 52
9 61
9 76
9 89
9 93
9 96
9 117
9 124
9 189
9 190
9 243
9 261
9 379
9 467
9 596
9 608
9 672
9 693
9 788
10 15
10 16
10 26
10 27
10 29
10 52
10 92
10 94
10 105
10 111
10 122
10 163
10 189
10 221
10 318
10 319
10 320
10 359
10 383
10 518
10 553
10 625
10 741
10 877
11 200
12 22
12 23
12 26
12 27
12 29
12 33
12 37
12 43
12 44
12 52
12 56
12 60
12 61
12 67
12 70
12 71
12 74
12 86
12 89
12 92
12 93
12 94
12 95
12 99
12 109
12 111
12 116
12 117
12 119
12 122
12 124
12 142
12 148
12 151
12 152
12 161
12 162
12 163
12 170
12 189
12 197
12 205
12 209
12 223
12 235
12 247
12 249
12 264
12 267
12 269
12 275
12 278
12 280
12 284
12 286
12 288
12 316
12 322
12 323
12 369
12 416
12 422
12 449
12 461
12 463
12 507
12 541
12 544
12 569
12 573
12 580
12 607
12 726
12 752
12 778
12 805
12 817
12 857
12 874
12 909
12 910
12 911
13 16
13 17
13 21
13 23
13 26
13 27
13 29
13 31
13 33
13 39
13 43
13 52
13 54
13 58
13 60
13 67
13 70
13 76
13 89
13 92
13 98
13 99
13 111
13 117
13 119
13 124
13 135
13 148
13 176
13 177
13 180
13 185
13 196
13 212
13 213
13 222
13 244
13 248
13 269
13 275
13 284
13 285
13 292
13 315
13 362
13 369
13 414
13 435
13 438
13 443
13 491
13 525
13 568
13 600
13 608
13 670
13 679
13 695
13 758
13 785
13 817
13 823
13 824
13 830
13 872
13 916
13 917
13 918
14 99
14 216
14 619
15 21
16 21
21 29
21 32
21 44
21 49
21 59
21 61
21 70
21 71
21 73
21 78
21 94
21 95
21 99
21 110
21 124
21 148
21 168
21 179
21 189
21 193
21 201
21 216
21 230
21 244
21 267
21 278
21 290
21 324
21 327
21 352
21 378
21 385
21 386
21 398
21 399
21 400
21 401
21 402
21 403
21 404
21 405
21 406
21 407
15 23
23 26
23 27
23 29
23 33
23 35
23 39
23 44
23 49
23 52
23 56
23 60
23 71
23 73
23 79
23 87
23 88
23 89
23 92
23 94
23 99
23 101
23 116
23 117
23 119
23 134
23 158
23 165
23 176
23 179
23 189
23 190
23 196
23 200
23 205
23 275
23 285
23 371
23 379
23 406
23 410
23 424
23 562
23 573
23 619
23 639
23 640
23 641
23 642
15 27
22 27
27 29
27 30
27 32
27 33
27 35
27 39
27 41
27 44
27 52
27 54
27 56
27 58
27 60
27 61
27 62
27 63
27 67
27 71
27 74
27 86
27 89
27 92
27 94
27 108
27 110
27 111
27 117
27 119
27 133
27 142
27 151
27 152
27 153
27 161
27 176
27 185
27 189
27 193
27 203
27 205
27 207
27 211
27 212
27 216
27 221
27 222
27 226
27 232
27 234
27 246
27 249
27 269
27 276
27 278
27 290
27 297
27 312
27 343
27 357
27 370
27 420
27 421
27 434
27 444
27 450
27 522
27 528
27 547
27 566
27 585
27 589
27 592
27 598
27 603
27 604
27 608
27 642
27 672
27 687
27 733
27 745
27 797
27 812
27 864
15 29
17 29
22 29
26 29
29 33
29 35
29 41
29 43
29 49
29 52
29 56
29 58
29 60
29 61
29 62
29 64
29 67
29 70
29 71
29 76
29 87
29 92
29 96
29 101
29 105
29 116
29 117
29 119
29 122
29 124
29 135
29 153
29 164
29 172
29 179
29 185
29 189
29 193
29 196
29 205
29 212
29 216
29 248
29 253
29 269
29 275
29 290
29 299
29 310
29 316
29 322
29 325
29 332
29 355
29 374
29 384
29 399
29 443
29 444
29 483
29 492
29 537
29 542
29 547
29 548
29 561
29 587
29 609
29 638
29 659
29 664
29 732
29 785
29 806
29 854
29 890
29 899
29 900
15 32
16 32
17 32
32 39
32 49
32 52
32 54
32 58
32 60
32 67
32 70
32 71
32 74
32 79
32 84
32 92
32 113
32 122
32 129
32 148
32 150
32 153
32 176
32 177
32 181
32 185
32 193
32 196
32 207
32 216
32 267
32 297
32 333
32 339
32 414
32 421
32 429
32 433
32 448
32 543
32 550
32 585
32 590
32 610
32 613
32 614
32 689
32 722
32 765
32 781
32 829
32 831
32 907
15 33
16 33
17 33
19 33
22 33
25 33
26 33
31 33
33 35
33 39
33 40
33 41
33 43
33 44
33 45
33 49
33 50
33 52
33 54
33 56
33 60
33 61
33 64
33 66
33 70
33 71
33 74
33 76
33 77
33 87
33 89
33 92
33 93
33 94
33 96
33 99
33 101
33 102
33 106
33 114
33 115
33 118
33 122
33 124
33 135
33 137
33 142
33 143
33 145
33 146
33 149
33 153
33 168
33 171
33 172
33 177
33 178
33 179
33 180
33 181
33 183
33 189
33 193
33 201
33 213
33 216
33 235
33 238
33 240
33 241
33 247
33 248
33 267
33 275
33 290
33 305
33 316
33 319
33 325
33 330
33 340
33 362
33 385
33 401
33 422
33 429
33 435
33 451
33 488
33 516
33 520
33 521
33 537
33 538
33 540
33 541
33 546
33 556
33 584
33 590
33 602
33 607
33 608
33 612
33 623
33 640
33 648
33 675
33 714
33 728
33 738
33 747
33 758
33 764
33 773
33 786
33 795
33 806
33 826
33 881
33 896
33 914
33 915
15 35
17 35
22 35
31 35
35 37
35 39
35 41
35 43
35 44
35 49
35 52
35 54
35 58
35 60
35 61
35 67
35 76
35 77
35 98
35 99
35 105
35 106
35 117
35 122
35 134
35 143
35 172
35 177
35 178
35 179
35 189
35 190
35 193
35 213
35 215
35 216
35 220
35 227
35 235
35 236
35 242
35 248
35 249
35 267
35 272
35 280
35 285
35 292
35 304
35 322
35 331
35 351
35 411
35 414
35 420
35 434
35 447
35 478
35 521
35 534
35 585
35 621
35 669
35 750
35 833
35 839
35 878
15 37
16 37
37 40
37 54
37 61
37 71
37 99
37 104
37 111
37 133
37 134
37 145
37 149
37 153
37 157
37 177
37 190
37 200
37 205
37 211
37 269
37 275
37 318
37 320
37 584
37 602
37 677
37 740
37 779
37 803
17 41
22 41
25 41
31 41
38 41
39 41
40 41
41 43
41 44
41 50
41 52
41 54
41 58
41 59
41 60
41 61
41 63
41 64
41 66
41 67
41 71
41 74
41 77
41 79
41 84
41 91
41 92
41 94
41 95
41 99
41 105
41 106
41 111
41 117
41 119
41 124
41 153
41 154
41 177
41 180
41 189
41 193
41 202
41 205
41 211
41 212
41 216
41 223
41 229
41 245
41 248
41 275
41 280
41 285
41 295
41 316
41 319
41 320
41 321
41 322
41 323
41 324
41 325
41 326
41 327
41 328
41 329
41 330
41 331
41 332
41 333
41 334
41 335
41 336
41 337
41 338
41 339
41 340
41 341
41 342
41 343
41 344
41 345
41 346
41 347
18 43
26 43
31 43
40 43
43 47
43 48
43 52
43 58
43 60
43 61
43 62
43 67
43 70
43 71
43 89
43 91
43 92
43 99
43 104
43 126
43 130
43 134
43 135
43 142
43 145
43 148
43 149
43 150
43 151
43 167
43 183
43 185
43 189
43 190
43 193
43 200
43 216
43 221
43 228
43 244
43 253
43 256
43 274
43 281
43 285
43 290
43 363
43 379
43 406
43 529
43 571
43 615
43 621
43 649
43 713
43 714
43 715
43 716
43 717
43 718
43 719
43 720
43 721
16 44
17 44
31 44
34 44
39 44
40 44
44 49
44 56
44 58
44 60
44 61
44 63
44 67
44 71
44 73
44 76
44 87
44 89
44 90
44 94
44 96
44 99
44 101
44 111
44 119
44 142
44 148
44 149
44 150
44 159
44 160
44 163
44 176
44 179
44 180
44 189
44 197
44 199
44 200
44 213
44 216
44 238
44 246
44 257
44 267
44 277
44 278
44 286
44 290
44 329
44 330
44 331
44 357
44 364
44 404
44 416
44 428
44 464
44 479
44 484
44 491
44 499
44 550
44 739
44 741
44 771
44 772
44 774
44 892
44 893
16 52
26 52
30 52
31 52
34 52
36 52
49 52
50 52
51 52
52 53
52 55
52 56
52 57
52 58
52 61
52 64
52 66
52 67
52 68
52 70
52 74
52 84
52 92
52 96
52 98
52 99
52 101
52 104
52 108
52 111
52 117
52 119
52 120
52 122
52 129
52 142
52 145
52 149
52 150
52 153
52 171
52 181
52 185
52 189
52 193
52 196
52 197
52 202
52 205
52 209
52 213
52 220
52 230
52 248
52 251
52 269
52 276
52 285
52 290
52 292
52 295
52 314
52 336
52 340
52 354
52 362
52 364
52 420
52 427
52 437
52 443
52 444
52 445
52 446
52 447
52 448
52 449
52 450
52 451
52 452
52 453
52 454
52 455
52 456
52 457
52 458
52 459
52 460
52 461
52 462
52 463
52 464
52 465
52 466
52 467
52 468
52 469
52 470
52 471
52 472
52 473
16 54
17 54
26 54
31 54
39 54
49 54
54 56
54 58
54 63
54 67
54 69
54 70
54 71
54 76
54 77
54 89
54 92
54 94
54 98
54 105
54 109
54 117
54 122
54 124
54 133
54 135
54 148
54 152
54 153
54 174
54 177
54 180
54 181
54 189
54 195
54 205
54 213
54 214
54 216
54 227
54 233
54 249
54 261
54 275
54 292
54 311
54 320
54 347
54 362
54 420
54 434
54 454
54 456
54 458
54 505
54 537
54 540
54 564
54 569
54 570
54 571
54 572
54 573
54 574
16 55
34 55
55 58
55 60
55 61
55 92
55 96
55 99
55 104
55 117
55 284
55 285
55 290
55 327
55 367
55 468
55 540
55 582
55 583
55 584
55 585
16 58
26 58
31 58
49 58
58 60
58 62
58 67
58 71
58 79
58 87
58 89
58 91
58 92
58 93
58 94
58 95
58 98
58 99
58 101
58 102
58 105
58 115
58 117
58 122
58 129
58 135
58 137
58 148
58 151
58 161
58 163
58 168
58 170
58 177
58 179
58 180
58 185
58 189
58 193
58 200
58 202
58 205
58 212
58 216
58 239
58 249
58 266
58 276
58 280
58 285
58 293
58 315
58 345
58 355
58 370
58 381
58 387
58 401
58 418
58 435
58 447
58 456
58 474
58 502
58 503
58 514
58 576
58 607
58 620
58 640
58 649
58 653
58 667
58 668
58 669
58 670
58 671
58 672
58 673
58 674
58 675
58 676
58 677
16 59
56 59
59 60
59 61
59 63
59 67
59 125
59 134
59 179
59 211
59 215
59 248
59 253
59 266
59 280
59 356
59 409
59 476
59 527
59 562
59 604
59 685
16 60
26 60
45 60
56 60
60 61
60 66
60 67
60 70
60 71
60 72
60 73
60 74
60 84
60 87
60 88
60 89
60 91
60 92
60 94
60 95
60 97
60 99
60 101
60 106
60 111
60 113
60 116
60 117
60 122
60 134
60 142
60 143
60 149
60 156
60 167
60 169
60 170
60 177
60 179
60 185
60 189
60 193
60 200
60 205
60 207
60 212
60 222
60 230
60 249
60 260
60 275
60 280
60 285
60 286
60 290
60 305
60 309
60 322
60 327
60 350
60 352
60 356
60 357
60 362
60 364
60 401
60 410
60 427
60 428
60 436
60 444
60 451
60 471
60 492
60 527
60 540
60 558
60 570
60 580
60 612
60 650
60 660
60 683
60 691
60 692
60 693
60 694
60 695
60 696
16 61
19 61
24 61
26 61
30 61
47 61
51 61
56 61
61 67
61 70
61 71
61 86
61 89
61 95
61 96
61 99
61 101
61 102
61 117
61 119
61 122
61 135
61 139
61 142
61 145
61 149
61 153
61 156
61 164
61 171
61 177
61 181
61 189
61 200
61 205
61 207
61 209
61 211
61 212
61 216
61 223
61 243
61 244
61 274
61 275
61 279
61 285
61 295
61 323
61 327
61 371
61 401
61 431
61 476
61 502
61 539
61 585
61 602
61 609
61 634
61 652
61 683
61 707
61 708
61 709
61 710
61 711
61 712
16 63
30 63
56 63
63 79
63 99
63 117
63 122
63 163
63 176
63 180
63 183
63 207
63 230
63 290
63 307
63 364
63 401
63 600
63 625
63 642
63 755
63 756
16 66
17 66
66 67
66 116
66 142
66 144
66 176
66 189
66 193
66 247
66 249
66 463
66 505
66 547
66 563
66 580
16 67
17 67
18 67
19 67
22 67
31 67
39 67
45 67
56 67
67 70
67 84
67 86
67 89
67 92
67 94
67 95
67 99
67 101
67 103
67 105
67 117
67 122
67 134
67 146
67 153
67 161
67 165
67 172
67 180
67 189
67 190
67 200
67 201
67 202
67 221
67 223
67 232
67 238
67 243
67 245
67 247
67 285
67 291
67 293
67 317
67 339
67 340
67 356
67 377
67 387
67 389
67 395
67 405
67 406
67 415
67 435
67 468
67 489
67 508
67 514
67 539
67 602
67 630
67 633
67 670
67 681
67 701
67 724
67 780
67 797
67 815
67 816
67 817
67 818
16 68
62 68
68 70
68 98
68 99
68 101
68 164
68 226
68 330
68 362
68 454
68 615
68 819
16 70
19 70
22 70
24 70
26 70
31 70
34 70
39 70
56 70
70 71
70 76
70 86
70 87
70 89
70 92
70 94
70 99
70 106
70 114
70 117
70 119
70 130
70 133
70 142
70 161
70 163
70 168
70 177
70 189
70 193
70 209
70 216
70 221
70 229
70 236
70 238
70 244
70 247
70 248
70 261
70 269
70 272
70 285
70 304
70 315
70 316
70 323
70 326
70 333
70 357
70 396
70 406
70 435
70 447
70 464
70 474
70 491
70 500
70 505
70 513
70 518
70 603
70 624
70 639
70 665
70 703
70 730
70 761
70 789
70 836
70 837
70 838
16 71
18 71
22 71
24 71
26 71
30 71
51 71
56 71
71 75
71 76
71 81
71 89
71 99
71 101
71 105
71 106
71 111
71 117
71 121
71 122
71 130
71 132
71 145
71 161
71 170
71 172
71 174
71 177
71 179
71 180
71 183
71 185
71 189
71 193
71 205
71 206
71 210
71 211
71 212
71 216
71 219
71 247
71 259
71 261
71 269
71 274
71 275
71 280
71 289
71 290
71 291
71 295
71 297
71 308
71 340
71 357
71 362
71 405
71 414
71 441
71 461
71 464
71 479
71 492
71 497
71 518
71 523
71 527
71 537
71 552
71 568
71 574
71 584
71 591
71 601
71 617
71 649
71 674
71 677
71 680
71 702
71 715
71 725
71 736
71 750
71 801
71 803
71 809
71 812
71 817
71 827
71 846
71 849
71 850
71 851
71 852
71 853
16 74
26 74
53 74
64 74
74 79
74 99
74 102
74 116
74 142
74 153
74 189
74 226
74 231
74 234
74 247
74 248
74 275
74 327
74 332
74 333
74 449
74 456
74 503
74 652
74 665
74 735
16 75
75 98
75 124
75 134
75 167
75 189
75 335
16 84
39 84
84 92
84 99
84 117
84 213
84 290
84 327
84 435
84 797
16 86
31 86
77 86
83 86
86 100
86 116
86 149
86 167
86 179
86 209
86 249
86 495
86 644
16 87
30 87
87 96
87 99
87 111
87 124
87 134
87 144
87 179
87 180
87 189
87 211
87 327
87 398
87 510
87 554
87 626
87 669
87 761
87 902
16 89
31 89
51 89
56 89
64 89
77 89
89 95
89 99
89 111
89 117
89 124
89 134
89 139
89 142
89 144
89 153
89 162
89 164
89 172
89 175
89 181
89 185
89 193
89 196
89 212
89 216
89 217
89 239
89 244
89 261
89 266
89 267
89 285
89 290
89 305
89 371
89 402
89 559
89 601
89 613
89 621
89 667
89 702
89 715
89 732
89 769
89 790
89 853
89 870
89 877
16 91
49 91
91 92
91 122
91 153
91 168
91 175
91 180
91 343
91 401
91 413
91 418
91 524
91 680
16 92
17 92
25 92
31 92
45 92
49 92
56 92
79 92
88 92
92 105
92 111
92 112
92 122
92 134
92 135
92 144
92 161
92 176
92 181
92 190
92 196
92 197
92 205
92 226
92 244
92 250
92 275
92 285
92 291
92 294
92 316
92 319
92 372
92 390
92 398
92 420
92 421
92 434
92 485
92 531
92 537
92 577
92 602
92 616
92 648
92 672
92 759
92 812
92 827
92 840
92 842
92 855
16 94
25 94
39 94
50 94
64 94
73 94
76 94
77 94
94 95
94 105
94 106
94 116
94 117
94 118
94 121
94 135
94 151
94 161
94 167
94 172
94 179
94 193
94 200
94 205
94 221
94 234
94 240
94 247
94 248
94 258
94 269
94 316
94 322
94 387
94 401
94 454
94 503
94 580
94 602
94 622
94 627
94 632
94 636
94 660
94 672
94 684
94 743
94 745
94 754
94 814
94 826
94 894
94 903
94 911
94 917
16 95
17 95
24 95
95 134
95 142
95 149
95 179
95 307
95 323
95 415
95 435
95 527
95 569
95 641
95 660
95 672
95 795
95 859
16 96
26 96
56 96
96 100
96 112
96 117
96 145
96 188
96 189
96 213
96 238
96 247
96 280
96 290
96 305
96 322
96 346
96 495
96 542
96 586
96 705
96 738
96 925
96 927
17 99
19 99
26 99
30 99
31 99
49 99
56 99
76 99
98 99
99 105
99 106
99 110
99 111
99 112
99 114
99 117
99 119
99 122
99 133
99 134
99 135
99 136
99 137
99 138
99 139
99 140
99 141
99 142
99 143
99 144
99 145
99 146
99 147
99 148
99 149
99 150
99 151
99 152
99 153
99 154
99 155
99 156
99 157
99 158
99 159
99 160
99 161
99 162
99 163
99 164
99 165
99 166
99 167
99 168
99 169
99 170
99 171
99 172
99 173
99 174
99 175
99 176
99 177
99 178
99 179
99 180
99 181
99 182
99 183
99 184
99 185
99 186
99 187
99 188
99 189
99 190
99 191
99 192
99 193
99 194
99 195
99 196
99 197
99 198
99 199
99 200
99 201
99 202
99 203
99 204
80 101
82 101
93 101
98 101
101 105
101 106
101 114
101 135
101 145
101 147
101 152
101 179
101 189
101 202
101 207
101 208
101 212
101 222
101 223
101 250
101 275
101 286
101 339
101 470
101 481
101 482
101 483
101 484
101 485
45 102
56 102
98 102
102 117
102 130
102 216
102 221
102 287
102 290
102 350
102 440
102 445
102 529
19 105
45 105
76 105
88 105
98 105
105 106
105 110
105 117
105 129
105 142
105 175
105 179
105 180
105 189
105 209
105 214
105 215
105 216
105 248
105 261
105 280
105 327
105 330
105 361
105 410
105 416
105 447
105 460
105 473
105 607
105 633
105 847
105 891
26 106
31 106
77 106
98 106
106 144
106 149
106 170
106 189
106 205
106 232
106 248
106 267
106 491
106 520
106 845
31 111
49 111
98 111
109 111
111 124
111 142
111 165
111 166
111 168
111 170
111 172
111 179
111 180
111 189
111 193
111 211
111 216
111 223
111 249
111 257
111 285
111 292
111 320
111 322
111 335
111 336
111 339
111 370
111 372
111 379
111 413
111 473
111 487
111 498
111 521
111 531
111 533
111 539
111 541
111 601
111 677
111 690
111 728
111 744
111 759
111 812
111 877
111 898
17 117
22 117
25 117
26 117
45 117
56 117
62 117
79 117
104 117
112 117
113 117
115 117
116 117
117 122
117 134
117 142
117 145
117 146
117 156
117 176
117 180
117 181
117 183
117 188
117 189
117 190
117 192
117 196
117 200
117 203
117 205
117 212
117 223
117 226
117 234
117 243
117 245
117 247
117 248
117 252
117 267
117 276
117 290
117 316
117 318
117 320
117 335
117 337
117 343
117 345
117 365
117 380
117 388
117 414
117 416
117 419
117 423
117 432
117 441
117 458
117 460
117 476
117 492
117 499
117 502
117 517
117 526
117 535
117 549
117 566
117 598
117 602
117 614
117 675
117 690
117 702
117 722
117 728
117 738
117 740
117 741
117 746
117 757
117 797
117 830
117 835
117 848
117 856
117 861
117 868
117 876
117 900
117 922
26 119
72 119
76 119
77 119
118 119
119 122
119 134
119 135
119 153
119 189
119 193
119 201
119 205
119 211
119 212
119 216
119 227
119 236
119 267
119 292
119 307
119 308
119 309
119 310
119 311
119 312
119 313
119 314
119 315
119 316
119 317
119 318
25 122
31 122
47 122
118 122
122 142
122 145
122 146
122 152
122 169
122 177
122 179
122 180
122 200
122 205
122 233
122 234
122 237
122 239
122 290
122 362
122 377
122 448
122 455
122 485
122 532
122 588
122 602
122 612
122 616
122 663
122 726
122 749
122 807
122 837
122 850
122 909
34 124
64 124
123 124
124 139
124 189
124 196
124 205
124 209
124 214
124 232
124 266
124 423
124 602
124 794
124 812
124 838
124 901
124 928
128 130
130 172
130 177
130 219
130 255
17 134
19 134
26 134
28 134
39 134
56 134
114 134
115 134
127 134
134 145
134 148
134 152
134 158
134 177
134 185
134 189
134 193
134 211
134 216
134 223
134 226
134 227
134 237
134 269
134 270
134 271
134 288
134 289
134 290
134 291
134 292
134 293
134 294
134 295
134 296
134 297
134 298
134 299
134 300
134 301
134 302
134 303
17 135
64 135
77 135
116 135
135 142
135 179
135 189
135 190
135 193
135 255
135 267
135 271
135 275
135 280
135 285
135 288
135 318
135 377
135 378
135 379
135 380
135 381
135 382
135 383
135 384
135 385
135 386
18 148
26 148
34 148
39 148
50 148
148 149
148 179
148 205
148 213
148 216
148 226
148 234
148 247
148 250
148 275
148 352
148 362
148 435
148 541
148 570
148 620
148 621
148 622
148 623
148 624
148 625
45 152
152 171
152 189
152 212
152 222
152 273
152 276
152 288
152 310
152 492
152 529
152 602
152 767
53 168
56 168
79 168
93 168
149 168
168 189
168 190
168 196
168 212
168 230
168 233
168 243
168 261
168 275
168 283
168 327
168 362
168 434
168 497
168 581
168 602
168 621
168 720
168 820
168 832
22 172
26 172
31 172
56 172
77 172
79 172
88 172
115 172
139 172
142 172
161 172
172 176
172 177
172 178
172 193
172 200
172 202
172 244
172 259
172 275
172 281
172 290
172 295
172 323
172 498
172 504
172 506
172 510
172 558
172 605
172 645
172 826
26 174
79 174
144 174
145 174
174 230
174 322
174 585
174 622
174 642
174 661
174 828
49 185
56 185
72 185
112 185
185 212
185 218
185 289
185 292
185 305
185 382
185 407
185 420
185 435
185 455
185 458
185 509
185 590
185 693
186 292
186 380
187 845
17 189
24 189
26 189
31 189
34 189
39 189
56 189
62 189
79 189
104 189
109 189
142 189
144 189
145 189
146 189
151 189
153 189
161 189
165 189
173 189
179 189
180 189
183 189
189 200
189 201
189 202
189 205
189 207
189 216
189 221
189 229
189 234
189 244
189 275
189 289
189 290
189 292
189 297
189 298
189 299
189 314
189 316
189 319
189 320
189 322
189 328
189 348
189 357
189 379
189 380
189 421
189 422
189 425
189 434
189 455
189 468
189 470
189 502
189 524
189 533
189 537
189 539
189 541
189 557
189 592
189 595
189 602
189 609
189 625
189 626
189 628
189 664
189 733
189 741
189 769
189 786
189 795
189 829
189 849
189 859
189 861
189 869
189 874
189 883
189 889
189 920
26 193
56 193
73 193
76 193
107 193
114 193
137 193
193 202
193 223
193 238
193 247
193 248
193 275
193 286
193 295
193 297
193 305
193 335
193 362
193 421
193 447
193 615
193 617
193 659
193 740
193 741
193 804
193 826
193 843
193 905
26 200
114 200
177 200
180 200
200 216
200 249
200 340
200 362
200 385
200 428
200 502
200 580
200 688
26 207
50 207
56 207
205 207
207 483
207 500
207 501
207 502
39 212
49 212
53 212
76 212
121 212
170 212
177 212
180 212
202 212
205 212
212 216
212 227
212 248
212 253
212 257
212 261
212 285
212 290
212 299
212 316
212 317
212 411
212 429
212 432
212 446
212 455
212 462
212 547
212 614
212 777
212 778
212 779
212 780
17 216
26 216
42 216
56 216
64 216
79 216
141 216
145 216
151 216
205 216
216 234
216 253
216 255
216 267
216 278
216 285
216 320
216 327
216 360
216 368
216 370
216 411
216 421
216 492
216 537
216 571
216 621
216 687
216 716
216 719
216 721
216 813
216 831
216 859
178 226
205 226
226 290
226 359
226 646
226 684
226 812
226 817
226 906
175 229
56 230
79 230
112 230
137 230
142 230
151 230
230 248
230 442
177 231
231 309
64 232
116 232
171 232
179 232
232 401
233 316
233 444
233 562
143 234
234 247
234 285
234 567
234 568
162 235
176 235
235 244
235 502
236 582
237 431
237 635
133 238
190 238
221 238
238 330
238 406
238 610
238 654
64 239
221 239
239 297
239 362
239 655
240 649
17 243
179 243
243 275
243 323
243 340
243 370
243 408
243 414
243 494
243 541
243 722
146 244
244 248
244 266
244 275
244 292
244 492
72 245
245 638
39 246
246 297
246 797
56 247
79 247
108 247
139 247
177 247
178 247
179 247
202 247
221 247
247 557
247 558
247 802
247 803
26 248
39 248
51 248
93 248
108 248
149 248
153 248
171 248
179 248
180 248
184 248
201 248
206 248
221 248
248 253
248 255
248 267
248 275
248 280
248 282
248 285
248 292
248 320
248 356
248 362
248 375
248 443
248 444
248 504
248 615
248 621
248 677
248 686
248 694
248 713
248 791
248 813
17 249
26 249
45 249
56 249
88 249
249 285
249 308
249 316
249 388
249 447
249 491
249 595
249 731
249 733
49 250
250 483
250 491
250 817
190 251
251 420
64 253
73 253
253 267
253 343
253 401
253 577
253 766
253 796
253 847
149 254
77 255
143 256
256 895
19 257
39 257
133 257
201 257
257 269
257 275
257 385
257 643
258 410
19 260
260 353
53 261
144 261
211 261
261 282
262 316
262 911
263 693
264 330
164 265
265 327
26 266
39 266
76 266
151 266
153 266
181 266
266 271
266 275
266 476
266 486
266 603
266 730
266 865
17 267
26 267
30 267
48 267
79 267
93 267
109 267
139 267
142 267
149 267
161 267
178 267
206 267
211 267
267 309
267 339
267 390
267 411
267 416
267 451
267 535
267 604
267 723
267 739
267 744
267 755
267 795
181 268
268 275
26 269
93 269
144 269
196 269
269 285
269 292
269 356
269 458
269 723
269 760
270 348
270 460
270 527
270 895
110 271
271 362
49 272
272 339
273 489
47 149
56 149
79 149
149 153
149 177
149 205
149 330
149 331
149 455
149 491
149 495
149 498
149 510
149 521
149 537
149 541
149 589
149 650
149 651
149 652
64 150
104 150
150 156
150 576
150 621
62 211
153 211
160 211
177 211
205 211
211 275
211 319
211 419
211 434
211 569
211 608
211 609
211 621
211 636
211 637
211 638
56 408
137 409
375 409
409 757
409 786
15 16
16 24
16 49
16 50
16 51
16 53
16 56
16 57
16 62
16 64
16 65
16 69
16 72
16 73
16 76
16 77
16 78
16 79
16 80
16 81
16 82
16 83
16 85
16 88
16 90
16 93
16 97
15 19
19 25
19 62
19 205
19 221
19 285
19 320
19 372
19 373
46 48
48 160
48 171
48 740
17 56
31 56
39 56
49 56
56 76
56 83
56 93
56 145
56 151
56 160
56 177
56 181
56 196
56 205
56 227
56 275
56 288
56 290
56 335
56 362
56 371
56 373
56 379
56 449
56 454
56 468
56 476
56 492
56 496
56 502
56 519
56 538
56 539
56 550
56 557
56 599
56 600
56 601
56 602
56 603
56 604
56 605
56 606
56 607
56 608
56 609
56 610
56 611
56 612
146 290
146 291
146 356
64 221
133 221
153 221
182 221
205 221
221 292
221 301
221 600
221 659
221 820
221 913
17 277
64 277
277 290
17 285
38 285
49 285
110 285
170 285
177 285
179 285
196 285
202 285
224 285
278 285
285 290
285 356
285 360
285 362
285 387
285 446
285 464
285 510
285 511
285 560
285 571
285 578
285 630
285 633
285 817
285 864
285 923
26 288
161 288
179 288
288 376
158 293
202 293
293 546
293 570
293 669
31 297
49 297
79 297
180 297
196 297
297 318
297 340
297 444
297 729
297 770
297 835
202 308
308 518
308 610
308 742
49 355
355 602
366 367
142 372
201 464
464 604
348 533
533 858
533 909
31 539
109 539
120 539
539 540
539 541
121 588
588 628
589 659
181 590
551 591
591 799
591 834
64 592
26 595
310 595
317 597
15 18
18 190
18 280
18 317
18 328
18 363
18 364
15 26
26 30
26 170
26 171
26 177
26 180
26 181
26 196
26 202
26 336
26 361
26 367
26 374
26 540
26 602
26 638
26 641
26 659
26 722
26 781
26 786
26 860
25 93
93 167
93 320
93 523
93 608
93 668
93 759
93 793
93 866
93 893
93 907
93 911
98 100
98 103
98 104
98 107
98 108
98 109
98 110
98 112
17 153
22 153
39 153
76 153
77 153
153 161
153 205
153 290
153 295
153 319
153 327
153 343
153 357
153 427
153 435
153 495
153 503
153 521
153 686
153 693
153 772
153 773
153 774
153 775
153 776
31 177
177 214
177 325
177 347
177 350
177 373
177 456
177 501
177 562
177 827
177 831
177 871
17 179
20 179
53 179
79 179
139 179
179 205
179 213
179 227
179 275
179 292
179 324
179 352
179 362
179 367
179 398
179 435
179 443
179 469
179 484
179 485
179 598
179 607
179 650
179 678
179 688
179 704
179 845
179 852
179 870
179 874
179 876
179 883
147 183
183 213
183 357
183 470
205 214
17 275
50 275
72 275
110 275
160 275
194 275
202 275
218 275
275 284
275 290
275 300
275 315
275 327
275 362
275 411
275 413
275 448
275 476
275 480
275 484
275 493
275 499
275 555
275 556
275 557
275 558
17 279
279 809
64 290
108 290
167 290
227 290
290 296
290 300
290 309
290 327
290 342
290 343
290 359
290 362
290 401
290 439
290 470
290 529
290 540
290 603
290 622
290 670
290 703
290 704
290 705
290 706
88 292
292 357
292 407
292 481
292 602
292 606
292 664
292 692
292 762
292 763
311 885
311 886
100 318
121 318
318 864
49 357
79 357
175 357
196 357
209 357
213 357
307 357
357 686
357 829
357 888
284 373
373 741
373 765
316 410
410 411
410 412
51 421
330 421
352 421
421 573
421 789
24 422
51 422
422 462
444 487
316 455
367 455
455 563
455 577
455 827
511 512
76 529
155 529
196 529
209 529
161 537
316 537
535 537
79 733
202 734
77 736
190 736
73 142
73 284
73 295
73 386
73 528
73 553
73 798
73 881
73 882
73 883
77 118
77 180
77 284
77 447
77 580
77 789
17 133
22 133
116 133
132 133
133 276
133 317
133 547
133 585
133 912
120 142
142 209
142 325
142 330
142 344
142 367
142 405
142 420
142 462
142 482
142 496
142 499
142 523
142 524
142 525
142 526
142 527
100 165
178 305
178 325
190 197
197 317
17 201
50 201
201 278
201 375
24 205
31 205
163 205
202 205
205 206
205 208
205 209
205 210
205 213
205 215
205 217
205 218
205 219
205 220
205 222
205 223
205 224
205 225
205 227
205 228
88 223
223 541
223 575
223 617
223 827
223 844
34 227
181 227
227 313
17 286
129 286
176 286
286 316
286 459
286 536
286 610
286 839
315 521
315 699
315 884
317 608
49 322
51 322
139 322
322 345
322 387
322 581
322 692
322 724
76 411
411 494
411 495
64 414
402 414
414 415
414 416
414 417
471 786
76 495
31 507
447 507
491 507
507 789
415 510
53 517
517 569
116 521
208 521
521 791
521 792
30 550
76 550
209 550
664 670
321 686
693 872
169 702
701 702
739 749
749 858
751 763
20 190
25 190
50 190
64 190
144 190
190 298
190 350
190 824
190 840
31 323
181 323
332 361
339 361
360 361
361 706
39 362
47 362
50 362
64 362
307 362
350 362
362 420
362 574
362 650
362 737
362 780
362 855
100 375
64 416
181 416
431 435
435 747
225 458
460 472
477 478
202 494
327 494
494 535
180 535
276 535
535 536
62 629
120 629
629 859
112 738
181 738
562 738
602 738
610 758
758 759
781 796
330 783
49 108
79 621
387 621
500 621
552 621
677 830
677 919
180 791
49 76
64 76
76 180
76 181
76 300
76 343
76 602
76 795
379 678
30 608
501 608
608 865
15 17
15 20
15 22
15 24
15 25
15 28
15 30
15 31
15 34
15 36
15 38
15 39
115 163
163 487
163 807
49 319
319 522
276 320
320 449
320 680
320 681
320 682
49 359
121 359
276 359
359 795
53 518
209 553
395 553
405 553
553 583
31 625
79 625
451 625
625 845
543 741
22 47
22 64
22 79
22 88
22 109
22 116
22 164
22 166
22 180
22 196
22 434
22 436
22 544
22 545
22 546
22 547
22 548
109 280
109 436
109 740
36 116
113 116
116 176
116 327
116 329
116 430
116 477
116 739
151 161
151 173
151 731
49 161
57 161
139 161
161 170
161 310
161 348
161 509
161 515
88 162
31 170
114 170
137 170
170 284
170 330
170 363
170 367
170 389
170 543
170 831
170 867
170 868
209 340
209 530
209 549
209 551
209 552
17 278
196 278
17 280
280 321
280 427
17 284
284 316
284 330
112 316
169 316
171 316
316 360
316 391
316 446
316 831
316 890
368 369
369 425
449 631
463 755
541 568
541 803
541 811
568 580
579 580
580 843
171 607
381 726
536 726
31 752
752 753
739 817
181 874
196 909
17 51
17 164
17 171
17 274
17 276
17 281
17 282
17 283
17 287
31 118
31 180
31 219
31 295
31 302
31 356
31 558
31 717
31 721
31 743
31 800
31 854
31 864
31 905
31 906
39 49
39 145
39 295
39 346
39 431
39 445
39 474
39 502
39 547
39 657
39 869
30 176
82 176
115 176
147 176
176 276
176 346
176 367
176 432
176 434
176 525
176 616
176 660
176 740
176 768
176 794
176 802
176 884
62 180
64 180
167 180
180 202
180 492
180 523
180 545
180 724
104 196
191 196
196 307
196 327
196 466
196 520
196 574
196 676
196 703
114 213
213 648
213 794
222 491
114 438
438 904
340 443
390 443
330 491
427 491
490 491
491 766
310 568
568 584
568 844
600 663
615 695
830 831
797 872
20 88
20 387
24 649
25 503
25 633
30 141
30 345
34 114
34 787
34 796
34 902
49 115
49 139
49 145
49 164
49 169
49 274
49 348
49 349
49 350
49 351
49 352
49 353
49 354
49 356
49 358
42 50
57 468
62 120
62 139
62 171
62 614
62 691
64 141
64 431
64 492
64 610
64 640
64 743
64 757
69 603
72 434
72 450
72 719
72 841
79 131
79 276
79 431
79 500
79 626
79 639
79 654
79 703
79 826
79 908
80 527
83 367
83 426
88 396
88 432
88 472
88 658
88 848
90 859
145 164
164 345
164 434
164 708
144 171
169 171
171 181
171 452
171 499
171 869
166 274
274 418
274 419
274 420
145 276
276 615
181 287
346 363
363 406
184 387
387 480
387 709
110 759
110 843
327 618
340 352
386 875
386 887
384 401
341 405
406 739
406 848
46 47
47 206
47 603
47 897
341 434
431 434
434 571
434 728
114 436
436 515
546 767
548 827
509 639
540 639
182 641
641 681
623 649
648 649
446 503
485 633
632 633
633 859
181 370
181 381
181 388
181 389
181 690
181 808
202 602
202 801
202 843
336 389
336 549
367 610
100 374
112 540
343 540
540 627
540 754
107 602
115 602
175 602
602 789
175 638
326 638
628 638
638 721
659 660
707 722
300 786
228 343
343 876
343 921
368 370
370 475
115 522
522 634
523 566
566 753
147 598
603 784
325 745
129 797
425 797
514 797
198 812
663 812
299 340
299 845
310 412
310 432
129 325
144 325
325 432
384 843
346 483
483 551
139 492
492 635
492 853
295 542
542 543
423 664
664 725
453 806
141 513
141 514
129 345
118 120
118 121
356 630
558 880
717 807
160 800
113 114
113 115
128 129
392 433
431 433
448 509
392 543
610 912
669 689
764 765
40 42
40 45
45 430
114 437
115 666
137 426
137 427
143 188
143 298
143 531
145 215
145 516
145 577
145 578
305 306
451 473
225 675
527 795
795 796
473 826
139 447
447 506
348 534
473 534
104 579
104 725
104 799
480 740
711 740
779 895
485 803
803 846
346 442
431 432
160 474
502 631
656 657
42 192
42 616
154 780
192 321
335 557
335 577
335 601
335 804
338 511
338 862
120 342
342 811
344 432
192 668
112 126
126 127
167 314
167 499
167 601
615 784
615 898
577 713
718 871
159 727
160 730
199 822
479 480
217 499
770 771
206 291
169 814
169 865
354 809
120 527
446 504
446 505
456 480
462 849
468 867
472 577
392 473
195 482
485 574
574 809
574 827
557 873
147 599
599 802
382 601
527 879
112 660
144 575
103 730
389 390
394 395
395 626
681 730
188 396
396 397
298 500
423 665
523 565
509 617
617 618
184 852
577 626
175 666
559 560
524 662
225 485
577 742
577 776
298 842
865 866
188 678
136 423
191 845
392 482
380 810
442 861
912 913
651 699
820 821
225 700
913 926
306 486
706 924
697 699
699 863
391 392
391 393
392 647
697 698
