1 153
1 602
1 603
1 604
1 630
1 631
1 633
153 603
153 607
153 609
153 610
153 613
153 614
153 630
150 602
520 602
521 602
600 602
601 602
602 604
602 633
602 1931
602 2041
603 604
603 607
603 608
9 604
39 604
150 604
598 604
604 608
610 630
611 630
628 630
629 630
630 631
159 631
627 631
628 631
631 632
631 633
159 633
160 633
161 633
633 634
633 638
633 1921
633 1931
2 9
2 39
2 151
2 588
2 605
9 39
9 598
9 605
39 151
39 607
39 608
39 614
151 152
151 588
151 589
151 606
151 614
147 588
588 589
588 605
147 605
527 605
595 605
596 605
598 605
3 859
3 860
3 862
3 863
3 864
3 866
857 859
858 859
859 860
859 863
849 860
853 860
855 860
857 860
860 862
852 862
853 862
862 866
546 863
547 863
551 863
858 863
863 864
137 864
216 864
218 864
547 864
864 865
864 866
864 867
218 866
852 866
861 866
4 245
4 938
4 939
4 943
4 950
245 943
245 945
245 950
245 951
937 938
938 939
938 950
938 952
228 939
934 939
937 939
939 940
939 941
939 943
228 943
943 944
943 945
950 951
950 952
5 336
5 368
5 1345
5 1346
5 1347
5 1471
336 337
336 369
336 371
336 1344
336 1345
336 1471
365 368
368 1347
368 1451
368 1469
368 1471
368 1472
337 1345
1345 1346
337 1346
1341 1346
1346 1347
21 1347
335 1347
338 1347
1341 1347
1347 1467
1347 1472
369 1471
1451 1471
1470 1471
6 420
6 421
6 1665
6 1668
6 1669
6 1670
6 1671
420 1668
420 1671
420 1672
420 1675
421 422
421 1663
421 1665
421 1666
421 1668
421 1677
1663 1665
1665 1670
1668 1675
1668 1676
1668 1677
1668 1679
418 1669
419 1669
438 1669
1669 1670
1669 1671
418 1670
1643 1670
1663 1670
438 1671
1671 1672
7 107
7 1697
7 1699
7 1702
7 1703
7 2013
107 1696
107 1697
107 1698
107 1699
107 1700
504 1697
1695 1697
1696 1697
1697 2013
1697 2016
426 1699
1692 1699
1699 1700
1699 1701
1699 1702
426 1702
503 1702
1702 1703
1702 1705
1702 1706
1703 1705
1703 2013
1703 2015
2013 2014
2013 2015
2013 2016
2013 2017
2013 2018
8 162
8 1894
8 1899
8 1909
8 1912
162 1894
162 1897
162 1898
162 1912
162 1913
162 1915
1893 1894
1894 1898
1894 1899
479 1899
1893 1899
1899 1900
1899 1901
1899 1902
1899 1909
1899 1910
120 1909
1908 1909
1909 1910
1909 1911
1909 1912
1909 1917
1909 1926
163 1912
1911 1912
1912 1915
150 598
522 598
523 598
527 598
597 598
598 599
10 468
10 469
10 1884
10 1885
10 1892
10 1901
10 1902
468 469
468 1875
468 1876
468 1877
468 1902
11 469
469 476
469 1877
469 1880
469 1884
11 1884
475 1884
1884 1885
475 1885
1885 1886
1885 1887
1885 1888
1885 1892
1888 1892
1889 1892
1892 1895
1892 1901
1893 1901
1895 1901
1901 1902
1873 1902
1876 1902
1900 1902
1902 1903
1902 1904
11 475
11 476
475 476
475 1883
475 1886
470 476
476 1880
476 1881
476 1883
12 672
12 733
12 734
12 735
12 736
12 1824
671 672
672 673
672 674
672 734
672 1824
730 733
731 733
732 733
733 734
733 735
673 734
730 734
732 735
735 736
735 737
735 739
735 740
735 741
736 737
736 738
736 1824
671 1824
738 1824
1824 1825
1824 1826
13 171
13 678
13 679
13 680
13 681
13 682
13 685
171 182
171 681
171 682
171 683
170 678
678 679
678 685
678 686
169 679
170 679
679 680
169 680
675 680
676 680
680 681
181 681
182 681
675 681
681 726
681 728
172 682
176 682
682 683
682 685
172 685
685 686
685 693
14 137
14 216
14 545
14 547
136 137
137 216
137 536
137 542
137 545
137 867
216 547
136 545
544 545
545 546
545 547
545 548
545 551
546 547
15 51
15 179
15 209
15 705
15 706
15 709
15 710
51 705
51 710
51 831
51 836
179 209
179 706
179 707
45 209
178 209
209 705
209 707
45 705
705 831
46 706
183 706
208 706
706 707
706 709
207 709
208 709
709 710
207 710
710 836
16 1173
16 1177
16 1178
16 1206
16 1208
297 1173
1173 1178
1173 1179
1173 1206
301 1177
1174 1177
1176 1177
1177 1178
1177 1208
275 1178
1164 1178
1174 1178
1178 1179
297 1206
300 1206
302 1206
1203 1206
1206 1208
76 1208
1176 1208
1203 1208
1207 1208
17 279
17 280
17 1126
17 1127
70 279
279 280
279 1126
279 1128
279 1129
279 1132
280 283
280 1127
280 1128
264 1126
1125 1126
1126 1127
1126 1132
89 1127
264 1127
281 1127
283 1127
1031 1127
1049 1127
1121 1127
1127 1410
1127 1506
18 83
18 331
18 332
18 1323
18 1328
18 1329
18 1333
18 1360
18 1361
83 1321
83 1322
83 1323
83 1324
83 1333
83 1334
331 332
331 1296
331 1326
331 1327
331 1328
82 332
322 332
332 1290
332 1291
332 1292
332 1295
332 1296
332 1361
332 1362
1323 1324
1323 1328
1324 1328
1327 1328
333 1329
1329 1331
1329 1333
1329 1357
1329 1359
1329 1360
1329 1363
333 1333
1330 1333
1333 1334
1333 1340
324 1360
1360 1361
1360 1363
324 1361
1361 1362
19 189
19 191
19 195
19 744
19 745
19 752
19 753
189 195
189 753
189 754
189 757
189 784
189 785
48 191
186 191
187 191
191 744
191 745
191 759
191 1799
191 1800
191 1801
195 196
195 752
195 785
190 744
744 753
744 759
187 745
745 746
745 747
745 752
50 752
196 752
197 752
747 752
748 752
751 752
190 753
753 757
753 758
20 186
20 1817
20 1818
20 1821
20 1822
186 187
186 743
186 1801
186 1817
186 1822
1801 1817
1802 1817
1815 1817
1816 1817
1817 1818
1817 1819
1818 1819
1818 1820
1818 1821
1818 1828
472 1821
1821 1822
1821 1823
1821 1826
1821 1828
739 1822
743 1822
1822 1823
21 92
21 335
21 1341
21 1349
92 1338
92 1341
92 1342
92 1349
334 335
335 338
335 1348
335 1349
335 1464
337 1341
1341 1342
1341 1344
1341 1473
1341 1601
334 1349
1332 1349
1338 1349
1339 1349
1340 1349
22 24
22 389
22 1488
22 1521
22 1551
22 1552
22 1553
22 1554
24 381
24 1521
24 1522
24 1551
389 1488
389 1489
389 1521
95 1488
1488 1489
1488 1490
1488 1554
381 1521
1489 1521
1520 1521
1521 1525
1521 1526
388 1551
1522 1551
1550 1551
1551 1552
1549 1552
1550 1552
1552 1553
1552 1556
1553 1554
1553 1555
1553 1556
94 1554
1487 1554
1490 1554
1554 1555
23 95
23 1489
23 1516
23 1518
23 1519
23 1520
95 1489
95 1490
95 1491
95 1519
1489 1520
1514 1516
1516 1517
1516 1518
1516 1520
1498 1518
1500 1518
1517 1518
1518 1519
1491 1519
1498 1519
1499 1519
1514 1520
1520 1526
381 383
381 1522
381 1524
381 1525
383 1522
388 1522
1522 1523
1522 1532
25 1571
25 1572
25 1589
394 1571
1562 1571
1570 1571
1571 1572
1571 1573
1571 1574
1571 1589
1572 1573
1572 1580
1572 1588
1572 1589
394 1589
1588 1589
26 2012
26 2018
26 2020
26 2021
26 2022
2003 2012
2004 2012
2010 2012
2011 2012
2012 2018
2012 2022
2010 2018
2014 2018
2017 2018
2018 2021
27 2020
505 2020
2019 2020
2020 2021
2020 2022
2020 2032
2017 2021
2019 2021
2003 2022
2022 2031
2022 2032
27 125
27 505
27 506
27 2024
27 2025
27 2030
27 2032
31 125
125 2029
125 2030
125 2031
125 2032
125 2036
505 506
505 2019
505 2023
506 2023
506 2024
127 2024
512 2024
2019 2024
2023 2024
2024 2025
126 2025
127 2025
2025 2026
2025 2030
2026 2030
2029 2030
2031 2032
28 1968
28 1994
28 1995
28 1996
28 2006
28 2007
1968 1969
1968 1996
1968 2001
1968 2006
500 1994
1989 1994
1994 1995
1994 1997
1994 2007
1995 1996
1995 1997
1969 1996
1970 1996
1996 1997
1996 1999
1996 2000
2001 2006
2004 2006
2005 2006
2006 2007
500 2007
501 2007
1993 2007
2004 2007
2007 2011
29 1980
29 1986
29 1987
29 1988
29 1989
29 1990
29 1997
29 1998
29 1999
1979 1980
1980 1981
1980 1982
1980 1988
1980 1998
108 1986
1726 1986
1727 1986
1986 1987
1986 1990
1986 1991
108 1987
1984 1987
1985 1987
1987 1988
495 1988
1982 1988
1984 1988
499 1989
500 1989
1989 1990
1989 1992
1989 1997
498 1990
499 1990
1723 1990
1990 1991
1990 1992
1997 1999
1971 1998
1973 1998
1976 1998
1979 1998
1998 1999
1998 2000
1999 2000
30 2037
30 2038
30 2039
30 2042
30 2044
2034 2037
2035 2037
2037 2039
2037 2044
508 2038
2038 2039
2038 2040
2038 2042
508 2039
2033 2039
2034 2039
511 2042
2040 2042
2041 2042
2042 2043
2042 2044
2042 2048
2035 2044
2043 2044
2044 2045
31 2031
31 2034
31 2036
507 2031
2003 2031
2031 2034
507 2034
2033 2034
2034 2035
2034 2036
2034 2045
32 2036
126 2036
2028 2036
2029 2036
2036 2045
32 126
32 127
32 128
32 2027
32 2028
32 2045
126 127
126 2026
126 2028
126 2029
127 512
127 2027
127 2046
128 511
128 2027
128 2043
128 2045
128 2046
2027 2046
2035 2045
2043 2045
33 130
33 132
33 525
33 532
33 533
33 534
129 130
130 131
130 525
130 534
132 523
132 525
132 526
132 530
132 533
131 525
523 525
135 532
140 532
531 532
532 533
532 534
530 533
531 533
533 559
129 534
133 534
134 534
140 534
534 535
34 528
34 529
34 556
34 560
34 593
149 528
527 528
528 529
528 593
526 529
527 529
529 560
549 556
555 556
556 557
556 558
556 560
556 593
526 560
530 560
558 560
559 560
148 593
149 593
555 593
592 593
35 536
35 537
35 538
35 539
35 542
134 536
135 536
513 536
515 536
535 536
536 537
536 542
536 867
135 537
139 537
537 539
538 539
538 540
538 541
538 542
139 539
539 540
136 542
541 542
542 544
36 37
36 138
36 548
36 549
36 550
36 553
36 555
36 566
37 138
37 554
37 564
37 566
138 553
138 554
543 548
544 548
548 550
548 551
548 553
549 550
549 555
549 557
139 550
540 550
543 550
550 557
551 553
552 553
553 554
555 565
555 566
555 592
564 566
565 566
552 554
554 564
554 567
554 572
142 564
561 564
562 564
564 565
564 572
564 592
38 147
38 582
38 583
38 585
38 587
38 590
147 587
147 589
147 590
147 596
143 582
562 582
563 582
581 582
582 583
582 584
582 590
141 583
583 584
583 585
141 585
145 585
585 586
585 587
585 697
152 587
586 587
587 589
587 696
563 590
590 591
590 596
607 608
607 609
607 614
154 614
606 614
609 614
613 614
40 173
40 175
40 684
40 691
40 692
40 694
40 700
173 684
173 693
173 700
175 691
175 694
175 695
684 686
684 692
684 693
174 691
690 691
691 692
691 695
165 692
686 692
687 692
688 692
690 692
174 694
617 694
694 695
694 696
694 698
694 699
694 700
172 700
176 700
693 700
699 700
41 667
41 670
41 671
41 1888
41 1889
41 1891
168 667
666 667
667 670
667 677
667 1890
667 1891
42 670
669 670
670 671
670 677
47 671
474 671
669 671
671 674
671 1825
671 1887
671 1888
1887 1888
1888 1889
1889 1891
1889 1895
1890 1891
1891 1895
42 169
42 170
42 669
42 676
42 677
169 170
169 676
170 660
170 662
170 677
170 686
669 674
669 676
43 676
674 676
675 676
168 677
660 677
661 677
43 673
43 674
43 675
43 729
673 674
673 729
673 730
675 728
675 729
727 729
728 729
729 730
44 141
44 144
44 210
44 698
44 699
44 702
44 703
44 704
141 144
141 580
141 584
141 697
141 698
143 144
144 210
144 579
144 580
210 577
210 579
210 704
210 833
696 698
697 698
698 699
176 699
699 702
176 702
178 702
701 702
702 703
45 703
178 703
703 704
45 704
704 833
45 178
45 831
45 832
45 833
177 178
178 701
178 707
831 832
831 836
52 832
832 833
832 834
832 836
52 833
211 833
577 833
46 180
46 183
46 208
46 711
46 717
180 198
180 711
180 716
180 717
180 718
183 184
183 707
183 717
183 726
183 727
207 208
208 708
208 711
201 711
206 711
708 711
711 712
711 716
184 717
717 718
717 722
717 725
47 473
47 474
47 1825
472 473
473 474
473 1825
473 1826
114 474
472 474
474 1882
474 1886
474 1887
1825 1826
48 455
48 1798
48 1799
48 1800
455 1797
455 1798
455 1800
455 1801
455 1802
455 1805
1788 1798
1794 1798
1797 1798
1798 1799
759 1799
761 1799
1794 1799
1800 1801
49 185
49 742
49 746
49 748
50 185
185 741
185 742
185 743
185 748
185 749
187 742
742 743
742 746
187 746
746 747
746 748
50 748
747 748
50 188
50 723
50 749
50 750
50 751
188 721
188 722
188 723
188 725
188 751
723 724
723 725
723 750
731 749
741 749
749 750
724 750
727 750
730 750
731 750
197 751
721 751
207 836
213 836
830 836
834 836
835 836
52 211
52 834
211 215
211 576
211 577
211 834
211 835
834 835
53 574
53 575
53 839
53 840
215 574
573 574
574 575
574 578
574 839
567 575
570 575
572 575
575 578
575 840
215 839
835 839
837 839
838 839
839 840
570 840
838 840
840 841
54 220
54 221
54 843
54 844
54 848
54 849
54 851
54 854
55 220
220 224
220 816
220 848
220 851
220 879
220 880
220 881
55 221
221 849
221 850
221 851
221 852
221 861
843 844
843 845
843 846
843 847
843 848
837 844
838 844
841 844
842 844
844 845
844 854
816 848
817 848
847 848
849 850
849 853
849 854
849 855
55 851
842 854
854 855
854 856
55 861
55 869
55 879
218 861
852 861
861 869
218 869
869 870
869 871
869 879
219 879
870 879
879 880
56 219
56 874
56 875
56 876
56 877
56 878
56 880
219 870
219 878
219 880
870 874
873 874
874 875
874 878
867 875
872 875
873 875
875 876
875 896
875 903
875 984
876 877
876 893
876 894
876 896
877 880
877 884
877 893
870 878
224 880
880 883
880 884
57 228
57 229
57 230
57 912
57 942
57 944
228 941
228 942
228 944
229 230
229 909
229 912
229 914
229 915
230 915
230 916
230 920
230 942
912 914
912 944
912 945
912 977
912 978
920 942
923 942
924 942
941 942
944 945
58 946
58 947
58 963
58 964
58 967
58 972
58 973
58 974
58 975
946 947
946 948
946 949
946 964
244 947
945 947
947 949
947 975
957 963
962 963
963 964
963 967
963 1081
963 1083
948 964
957 964
964 965
250 967
967 968
967 969
967 972
967 1081
243 972
969 972
970 972
971 972
972 973
243 973
973 974
973 976
973 980
974 975
974 976
244 975
975 976
59 234
59 1224
59 1240
59 1241
59 1243
59 1244
234 235
234 239
234 952
234 953
234 1224
234 1241
239 1224
1221 1224
1222 1224
1224 1225
1224 1240
1225 1240
1226 1240
1236 1240
1240 1244
235 1241
1241 1242
1241 1243
1242 1243
1243 1244
1243 1245
1243 1246
311 1244
313 1244
1236 1244
1239 1244
1244 1245
60 960
60 1088
60 1089
60 1090
60 1217
959 960
960 961
960 1088
960 1217
961 1088
962 1088
1083 1088
1084 1088
1087 1088
1088 1090
1089 1090
1089 1093
1089 1094
1089 1215
1089 1216
1089 1217
1086 1090
1087 1090
1090 1091
1090 1092
1090 1093
1090 1110
1090 1111
242 1217
959 1217
1216 1217
1217 1219
61 251
61 1002
61 1003
61 1075
61 1077
61 1078
61 1079
61 1080
61 1082
251 968
251 1001
251 1003
251 1080
996 1002
1002 1003
1002 1004
1002 1005
1002 1074
1002 1075
1001 1003
1003 1004
1074 1075
1075 1076
1075 1079
270 1077
271 1077
1077 1078
1077 1082
1077 1085
1078 1079
1078 1085
1076 1079
1079 1085
968 1080
1080 1081
1080 1082
270 1082
1081 1082
62 253
62 254
62 994
62 1012
62 1013
62 1014
62 1015
62 1016
253 254
253 994
253 996
253 997
253 1005
253 1009
253 1010
253 1012
253 1013
254 1013
249 994
990 994
993 994
994 995
994 997
994 998
994 1014
1010 1012
1011 1012
1012 1013
1012 1016
995 1014
1014 1015
984 1015
993 1015
995 1015
1015 1016
1015 1022
255 1016
1011 1016
1016 1022
63 252
63 260
63 1009
63 1010
63 1018
63 1019
252 260
252 1008
252 1009
252 1038
260 1018
260 1020
260 1036
260 1037
260 1038
260 1040
1005 1009
1007 1009
1008 1009
1009 1010
1010 1011
1010 1019
255 1018
1017 1018
1018 1019
1018 1020
1018 1021
255 1019
1011 1019
64 1029
64 1033
64 1034
64 1037
64 1047
1020 1029
1027 1029
1028 1029
1029 1030
1029 1033
1029 1037
1030 1033
1031 1033
1032 1033
1033 1047
1033 1049
1034 1035
1034 1036
1034 1037
1034 1047
1020 1037
1036 1037
259 1047
1035 1047
1047 1048
1047 1049
65 262
65 263
65 1050
65 1052
65 1053
65 1054
262 1050
262 1051
262 1052
263 1049
263 1050
263 1054
263 1055
263 1121
1048 1050
1049 1050
1050 1051
259 1052
1042 1052
1043 1052
1044 1052
1051 1052
1052 1053
1052 1061
261 1053
1053 1054
1053 1057
1053 1058
1053 1059
1053 1061
1053 1063
1054 1055
1054 1057
66 261
66 266
66 1056
66 1119
66 1124
261 266
261 1056
261 1057
261 1058
266 1058
266 1119
1055 1056
1056 1057
1056 1120
1056 1123
1056 1124
1058 1119
1118 1119
1119 1124
67 1124
1118 1124
1123 1124
67 1116
67 1117
67 1118
67 1122
67 1123
67 1133
1059 1116
1114 1116
1116 1117
1116 1133
1058 1117
1059 1117
1117 1118
1058 1118
265 1122
1120 1122
1122 1123
1122 1125
1122 1133
1120 1123
1114 1133
1125 1133
1132 1133
68 269
68 1043
68 1062
68 1065
68 1070
68 1071
269 1043
269 1071
269 1072
1041 1043
1042 1043
1043 1061
1043 1062
1043 1072
1043 1073
1061 1062
1062 1063
1062 1065
268 1065
1063 1065
1065 1070
268 1070
1066 1070
1069 1070
1070 1071
1070 1112
1069 1071
1071 1072
69 303
69 304
69 305
69 1095
69 1097
69 1209
303 304
303 1096
303 1097
303 1099
303 1100
304 305
304 1096
305 1092
305 1094
305 1095
305 1096
306 1095
1094 1095
1095 1209
1095 1210
1095 1215
301 1097
308 1097
1097 1099
1097 1174
1097 1175
1097 1209
308 1209
1209 1210
70 276
70 1129
70 1132
70 1135
70 1136
71 276
73 276
276 1129
276 1130
276 1131
276 1136
1128 1129
1129 1130
278 1132
1114 1132
1115 1132
1125 1132
1132 1135
278 1135
1105 1135
1106 1135
1135 1136
1104 1136
1105 1136
1131 1136
1136 1169
71 73
71 1131
71 1142
73 284
73 1128
73 1130
73 1142
73 1148
1131 1142
1131 1169
1140 1142
1141 1142
1142 1148
1142 1167
1142 1168
1142 1169
72 286
72 287
72 1147
72 1151
282 286
284 286
285 286
286 287
286 1146
286 1147
286 1157
287 288
287 1151
287 1157
281 1147
1146 1147
1147 1151
1147 1152
288 1151
1150 1151
1151 1152
1151 1154
282 284
284 285
284 1128
284 1143
284 1148
283 1128
1128 1130
1128 1143
285 1148
1141 1148
74 296
74 1163
74 1180
74 1183
296 298
296 1162
296 1163
296 1182
296 1183
295 1163
1162 1163
1163 1180
1163 1181
297 1180
1180 1181
1180 1183
297 1183
298 1183
1183 1184
75 1193
75 1194
75 1195
75 1271
75 1273
318 1193
323 1193
1191 1193
1193 1195
1193 1273
1193 1289
317 1194
1194 1195
1194 1196
1194 1197
1194 1266
1194 1271
1190 1195
1191 1195
1192 1195
1195 1196
1266 1271
1270 1271
1271 1272
1271 1273
1272 1273
1273 1274
1273 1289
76 77
76 301
76 308
76 1176
76 1202
76 1207
76 1211
77 1201
77 1202
77 1211
77 1231
301 308
301 1174
301 1176
308 1210
308 1211
308 1230
316 1202
317 1202
1198 1202
1201 1202
1202 1203
1202 1207
1203 1207
1211 1230
1211 1231
1198 1201
1200 1201
1201 1231
1201 1233
1227 1231
1228 1231
1230 1231
1231 1232
1231 1233
1231 1234
1231 1238
78 199
78 790
78 793
78 794
199 714
199 789
199 790
199 794
199 795
199 797
714 790
790 791
790 792
790 793
201 793
792 793
793 794
793 823
794 795
794 823
79 779
79 798
79 799
79 1252
79 1255
79 1256
777 779
778 779
779 798
779 1256
779 1257
778 798
780 798
796 798
798 799
796 799
799 800
799 1251
799 1252
310 1252
313 1252
1245 1252
1251 1252
1252 1253
1252 1255
1253 1255
1254 1255
1255 1256
1254 1256
1256 1257
80 200
80 720
80 785
80 787
80 788
200 778
200 780
200 781
200 783
200 785
200 788
196 720
197 720
719 720
720 785
720 786
720 787
196 785
783 785
784 785
786 787
787 788
787 789
780 788
788 789
788 797
81 326
81 449
81 1283
81 1284
81 1293
81 1301
326 327
326 1284
326 1293
326 1295
326 1298
449 1282
449 1283
449 1284
449 1302
449 1790
1283 1301
1283 1302
321 1284
1282 1284
1284 1285
1284 1286
1284 1295
1293 1298
1293 1299
1293 1300
1293 1301
1300 1301
1301 1302
82 324
82 341
82 1290
82 1362
82 1367
324 341
324 1362
324 1363
340 341
341 1363
341 1367
322 1290
325 1290
1290 1367
1290 1368
340 1367
1366 1367
1367 1368
1367 1369
1318 1321
1320 1321
1321 1322
1321 1334
1321 1335
1321 1337
1317 1322
1318 1322
1322 1324
1322 1325
1324 1325
1324 1327
1334 1335
1334 1339
1334 1340
84 1336
84 1338
84 1339
84 1343
84 1607
1335 1336
1336 1339
1336 1607
1338 1339
1338 1342
1338 1343
1335 1339
1339 1340
1342 1343
1343 1601
1343 1602
1343 1607
401 1607
1335 1607
1337 1607
1602 1607
1606 1607
85 334
85 1330
85 1331
85 1332
85 1340
334 1331
334 1332
334 1348
334 1351
334 1358
333 1330
1330 1331
1330 1340
333 1331
1331 1357
1331 1358
1332 1340
86 343
86 1365
86 1372
86 1373
299 343
343 344
343 1371
343 1372
343 1373
343 1375
340 1365
1364 1365
1365 1366
1365 1372
1365 1373
299 1372
342 1372
1366 1372
344 1373
1364 1373
87 346
87 347
87 366
87 1386
87 1389
87 1397
346 347
346 1386
346 1387
339 347
347 366
347 1352
347 1353
347 1387
347 1464
348 366
349 366
366 367
366 1389
366 1459
366 1462
366 1463
366 1464
1381 1386
1386 1387
1386 1388
1386 1397
1386 1398
1386 1399
349 1389
1389 1390
1389 1391
1389 1394
1389 1397
1394 1397
1397 1399
88 354
88 1418
88 1422
88 1424
88 1425
354 1416
354 1417
354 1418
354 1425
354 1433
1413 1418
1417 1418
1418 1419
1418 1422
356 1422
1419 1422
1422 1423
1422 1424
91 1424
1423 1424
1424 1425
90 1425
91 1425
359 1425
1425 1430
1425 1431
1425 1433
89 1410
89 1415
89 1416
89 1433
89 1435
89 1439
89 1506
281 1410
353 1410
1152 1410
1408 1410
1409 1410
1410 1411
1410 1415
355 1415
1411 1415
1414 1415
1415 1416
1413 1416
1414 1416
1416 1417
1416 1433
1431 1433
1432 1433
1433 1435
360 1435
1429 1435
1430 1435
1432 1435
1434 1435
1435 1439
1434 1439
1438 1439
1439 1440
1439 1441
1439 1505
1439 1506
257 1506
378 1506
1031 1506
1505 1506
1506 1509
1506 1510
1506 1512
1506 1536
90 91
90 358
90 359
90 362
90 1427
90 1445
90 1455
91 358
91 1392
91 1423
91 1456
358 1455
358 1456
359 1426
359 1427
359 1429
359 1430
357 362
362 1445
362 1446
362 1454
362 1455
1426 1427
1427 1445
1426 1445
1428 1445
1437 1445
1442 1445
1444 1445
1445 1446
1445 1447
357 1455
1455 1456
1455 1458
1455 1460
1390 1392
1391 1392
1392 1393
1392 1423
1392 1456
1392 1457
356 1423
1393 1423
1395 1423
1456 1457
1456 1458
1342 1601
93 100
93 1479
93 1600
93 1603
100 1479
100 1598
100 1599
100 1603
100 1604
398 1479
400 1479
1478 1479
1479 1480
1479 1481
1479 1484
1479 1593
1479 1598
1479 1600
400 1600
1473 1600
1600 1601
1600 1602
1600 1603
1602 1603
1603 1604
1603 1605
1603 1613
94 1482
94 1485
94 1486
94 1487
94 1490
1482 1483
1482 1484
1482 1485
1482 1487
1482 1558
1482 1559
1484 1485
1485 1486
1485 1491
1485 1493
1486 1490
1486 1491
1487 1555
1487 1559
1490 1491
372 1491
1491 1492
1491 1493
1491 1499
96 382
96 383
96 1512
96 1513
96 1524
96 1527
96 1529
382 1513
382 1515
382 1524
382 1526
383 1524
383 1527
383 1531
383 1532
1510 1512
1511 1512
1512 1513
1512 1514
1512 1529
1512 1536
1513 1514
1513 1515
1524 1525
1524 1526
384 1527
1527 1528
1527 1529
1527 1531
1528 1529
1529 1530
1529 1536
97 1547
97 1548
97 1549
97 1565
97 1566
1545 1547
1546 1547
1547 1549
1547 1566
1547 1567
392 1548
1548 1549
1548 1555
1548 1556
1548 1565
1545 1549
1549 1550
1549 1556
392 1565
393 1565
1565 1566
393 1566
1564 1566
1566 1567
98 392
98 393
98 1557
98 1558
98 1563
98 1564
391 392
392 393
392 1555
392 1558
393 1564
394 1557
1557 1558
1557 1560
1557 1561
1557 1562
1557 1563
391 1558
398 1558
1483 1558
1558 1559
1558 1561
1562 1563
1563 1564
1563 1567
1563 1568
1563 1570
1564 1567
99 404
99 405
99 1584
99 1618
99 1648
404 1584
404 1611
404 1612
404 1616
404 1617
404 1618
405 409
405 1618
405 1622
405 1647
405 1648
1583 1584
1584 1585
1584 1586
1584 1616
1584 1648
1584 1649
1617 1618
1618 1622
103 1648
412 1648
1646 1648
1647 1648
1648 1649
1593 1598
1594 1598
1595 1598
1597 1598
1598 1599
1598 1614
1596 1599
1597 1599
1599 1604
1596 1604
1604 1613
1604 1615
101 402
101 403
101 406
101 407
101 1624
101 1625
101 1628
402 403
402 1606
402 1608
402 1625
403 1608
403 1609
403 1624
406 407
406 408
406 1627
406 1628
407 1319
407 1625
407 1626
407 1627
1609 1624
1610 1624
1611 1624
1623 1624
1624 1628
1318 1625
1319 1625
1320 1625
1606 1625
408 1628
1621 1628
1623 1628
1628 1629
102 410
102 411
102 1639
102 1640
102 1641
102 1642
410 411
410 1638
410 1639
410 1646
103 411
411 419
411 1642
411 1645
411 1646
1636 1639
1638 1639
1639 1640
1635 1640
1636 1640
1640 1641
1640 1752
438 1641
1641 1642
1641 1752
1641 1753
419 1642
438 1642
103 412
103 1644
103 1645
103 1646
103 1652
103 1660
412 413
412 1649
412 1651
412 1652
418 1644
419 1644
1644 1645
1644 1659
1644 1660
1644 1661
419 1645
1619 1646
1638 1646
1646 1647
1651 1652
1652 1660
415 1660
1651 1660
1653 1660
1654 1660
1658 1660
1659 1660
104 417
104 422
104 1643
104 1662
104 1663
104 1664
414 417
416 417
417 1659
417 1662
417 1664
422 1663
422 1664
422 1666
418 1643
1643 1661
1643 1662
1643 1663
1659 1662
1661 1662
414 1664
1538 1664
1657 1664
1664 1666
1664 1667
1664 1688
1664 2019
105 439
105 1674
105 1675
105 1746
105 1750
105 1751
105 1753
437 439
439 1749
439 1750
439 1753
439 1754
1672 1674
1673 1674
1674 1675
1674 1753
1672 1675
1675 1676
1675 1751
110 1746
1681 1746
1746 1747
1746 1750
1746 1751
110 1750
437 1750
1676 1751
1681 1751
438 1753
1673 1753
1752 1753
1753 1754
106 425
106 1688
106 1689
106 1694
425 427
425 1689
425 1693
425 1694
425 1698
1667 1688
1683 1688
1686 1688
1687 1688
1688 1689
1688 1694
1688 1695
1688 2019
424 1689
427 1689
1687 1689
1689 1690
1689 1691
1694 1695
1694 1698
1695 1696
1696 1698
1693 1698
1695 1698
1698 1700
1692 1700
1693 1700
108 109
108 496
108 1726
108 1985
109 496
109 1728
109 1857
109 1862
109 1985
496 1725
496 1726
496 1728
496 1729
498 1726
1722 1726
1725 1726
1726 1727
495 1985
1862 1985
1864 1985
1983 1985
1984 1985
497 1728
1728 1729
1728 1856
1728 1857
1856 1857
1857 1858
1857 1862
116 1862
1858 1862
1861 1862
1862 1863
1862 1864
110 437
110 1740
110 1741
110 1747
435 437
436 437
437 1739
437 1740
437 1749
437 1755
429 1740
1737 1740
1739 1740
1740 1741
1740 1742
1740 1748
1741 1747
1741 1748
1680 1747
1681 1747
1744 1747
1747 1748
111 113
111 1842
111 1843
111 1844
113 460
113 462
113 1770
113 1775
113 1841
113 1842
113 1843
1841 1842
1842 1844
459 1843
462 1843
1843 1844
1843 1846
1843 1847
459 1844
1841 1844
112 447
112 1305
112 1309
112 1310
112 1312
112 1762
112 1782
447 452
447 1762
447 1763
447 1782
1304 1305
1305 1306
1305 1310
1305 1782
1298 1309
1306 1309
1307 1309
1308 1309
1309 1310
1309 1311
1309 1312
1306 1310
1311 1312
1312 1313
1312 1315
1312 1316
1312 1762
446 1762
1313 1762
1761 1762
1762 1763
452 1782
1304 1782
1764 1782
1782 1783
1782 1784
460 1774
460 1775
460 1776
460 1810
460 1841
462 1769
462 1770
462 1847
462 1848
461 1770
1769 1770
1770 1771
1770 1772
1770 1773
1770 1775
461 1775
1774 1775
1775 1777
459 1841
1810 1841
1811 1841
1840 1841
114 470
114 471
114 472
114 1831
114 1881
114 1882
470 1831
470 1832
470 1879
470 1880
470 1881
457 471
471 472
471 1830
471 1831
472 1826
472 1828
472 1830
115 1831
457 1831
1831 1832
1831 1838
1831 1839
1881 1882
1881 1883
1882 1883
1882 1886
115 1832
115 1833
115 1834
115 1835
115 1837
115 1838
115 1854
1832 1833
1832 1879
1833 1834
1833 1859
1833 1879
1834 1835
1834 1859
1835 1854
1835 1858
1835 1859
1836 1837
1837 1838
1837 1853
1837 1854
1836 1838
1838 1839
1838 1845
464 1854
1853 1854
1854 1855
1854 1856
1854 1858
116 465
116 1861
116 1863
116 1868
465 1859
465 1860
465 1861
465 1868
1858 1861
1859 1861
466 1863
1863 1864
1863 1868
1863 1878
117 1868
1860 1868
1868 1878
117 1860
117 1874
117 1877
117 1878
117 1880
1859 1860
1860 1879
1860 1880
485 1874
1867 1874
1873 1874
1874 1876
1874 1877
1874 1878
1875 1877
1876 1877
1877 1880
466 1878
1867 1878
1879 1880
118 484
118 1869
118 1871
118 1872
118 1939
484 1866
484 1869
484 1870
484 1871
485 1869
1869 1870
1869 1872
1869 1873
1866 1871
1871 1939
1871 1943
483 1872
1872 1873
1872 1903
1872 1938
1872 1939
1938 1939
1939 1940
1939 1943
119 1905
119 1906
119 1908
119 1910
478 1905
479 1905
1904 1905
1905 1906
1905 1907
1905 1910
1905 1933
1905 1934
1905 1936
480 1906
1906 1907
1906 1908
1906 1926
1908 1910
1908 1926
479 1910
120 480
120 1917
120 1925
120 1926
120 1927
480 481
480 1907
480 1926
480 1927
480 1928
1911 1917
1917 1918
1917 1919
1917 1920
1917 1925
1918 1925
1922 1925
1924 1925
1925 1927
1923 1927
1924 1927
1927 1928
121 1941
121 1942
121 1948
121 1949
121 1950
1930 1941
1932 1941
1940 1941
1941 1942
1941 1943
1941 1950
1866 1942
1942 1943
1942 1944
1942 1945
1942 1948
488 1948
1945 1948
1946 1948
1947 1948
1948 1949
122 1949
488 1949
1949 1950
1949 1951
122 1950
1929 1950
1930 1950
1931 1950
122 1931
122 1951
122 1952
122 1957
122 1958
122 2041
482 1931
1921 1931
1928 1931
1929 1931
1931 2041
488 1951
1951 1952
488 1952
1952 1957
487 1957
488 1957
489 1957
1953 1957
1957 1958
489 1958
491 1958
510 1958
1958 1959
1958 2041
510 2041
520 2041
2040 2041
2041 2048
123 508
123 1961
123 1962
123 1963
123 1964
123 1967
123 2040
508 1962
508 1967
508 2033
508 2040
510 1961
1960 1961
1961 1963
1961 2040
1962 1967
1959 1963
1960 1963
1963 1964
490 1964
492 1964
1956 1964
1959 1964
1964 1967
492 1967
509 1967
1965 1967
1966 1967
1967 2033
510 2040
124 487
124 490
124 1945
124 1946
124 1954
124 1955
487 489
487 490
487 491
487 1946
487 1953
487 1956
490 492
490 493
490 1954
490 1955
490 1956
490 1965
490 1973
486 1945
1944 1945
1945 1946
1945 1955
1946 1947
1946 1953
1954 1955
467 1955
486 1955
493 1955
2026 2029
511 512
512 2046
512 2047
512 2048
511 2046
511 2043
511 2047
511 2048
129 131
129 133
129 517
129 519
129 520
131 520
131 522
131 523
131 524
133 134
133 515
133 516
133 517
516 517
517 519
513 519
514 519
516 519
519 520
513 520
520 521
520 524
521 522
522 523
522 524
522 599
523 526
523 527
521 524
526 527
526 530
530 559
134 515
134 535
513 515
515 516
515 518
514 516
516 518
135 535
140 535
135 139
135 140
135 531
135 558
139 540
139 557
139 558
531 558
531 559
557 558
558 559
136 544
541 544
543 544
513 867
865 867
867 868
867 871
867 872
867 984
540 541
540 543
143 580
580 584
143 584
145 697
146 697
696 697
142 562
142 572
142 581
561 562
562 563
562 581
567 572
572 578
572 581
143 581
578 581
143 578
143 579
215 578
573 578
576 578
578 579
576 579
577 579
145 146
145 586
146 586
146 696
586 696
152 696
617 696
152 589
591 596
595 596
148 149
148 591
148 592
148 594
148 595
149 527
149 594
149 595
563 591
591 592
591 595
561 592
563 592
565 592
594 595
527 595
150 597
150 599
150 601
597 599
521 599
599 600
599 601
600 601
152 606
152 615
152 616
152 617
154 606
606 615
154 615
615 616
154 616
616 617
616 619
616 620
174 617
617 618
617 619
155 610
158 610
610 611
610 613
610 620
154 613
613 620
154 620
155 620
619 620
155 158
155 612
155 619
158 611
158 612
158 622
158 629
612 618
612 619
612 622
612 623
618 619
156 157
156 174
156 618
156 623
156 624
156 654
156 689
156 690
157 623
157 624
174 618
174 690
174 695
618 623
622 623
623 624
623 626
624 625
624 626
624 654
166 654
625 654
651 654
654 655
654 656
654 689
165 689
166 689
688 689
689 690
165 690
611 629
621 622
622 626
622 629
621 629
628 629
159 160
159 632
160 161
160 632
160 635
627 632
632 635
161 634
161 635
161 637
625 635
626 635
627 635
635 636
635 637
635 653
634 637
634 638
164 637
636 637
637 638
1896 1897
1897 1898
1897 1913
648 1898
1893 1898
1896 1898
642 1913
646 1913
649 1913
1896 1913
1913 1914
1913 1915
163 1915
1914 1915
163 1911
163 1914
163 1916
1911 1916
1911 1919
642 1914
1914 1916
642 1916
643 1916
1916 1919
164 636
164 638
164 639
164 640
164 644
164 645
164 647
636 645
636 652
636 653
638 639
638 641
638 1921
639 640
639 641
640 641
640 643
640 644
642 644
643 644
644 647
645 646
645 647
645 652
642 647
646 647
165 688
166 688
687 688
166 656
166 657
166 658
166 687
655 656
656 657
167 657
655 657
657 658
167 658
658 659
658 662
658 687
659 687
686 687
167 655
167 660
167 661
167 662
167 663
651 655
655 663
660 661
660 662
168 661
661 663
661 668
659 662
662 686
651 663
652 663
663 664
663 668
168 664
168 666
168 668
649 664
650 664
652 664
664 665
664 666
664 668
648 666
665 666
666 1890
666 1895
659 686
686 693
181 182
182 683
176 683
177 683
181 683
683 701
172 176
172 693
176 701
177 701
177 181
177 707
181 707
181 726
707 726
198 714
198 715
198 716
198 718
198 719
198 786
712 716
715 716
718 719
718 721
718 722
726 727
726 728
184 724
184 725
184 727
724 727
727 728
727 730
724 725
722 725
731 741
732 741
739 741
741 743
187 743
739 743
1801 1802
197 721
719 721
721 722
194 754
754 757
754 783
754 784
194 757
757 758
783 784
190 758
190 759
194 758
758 759
758 763
758 764
759 760
759 761
759 763
192 193
192 1790
192 1791
192 1792
192 1796
193 762
193 1789
193 1792
193 1795
193 1796
448 1790
1282 1790
1302 1790
1785 1790
1786 1790
1789 1790
1790 1791
1790 1796
320 1791
767 1791
1282 1791
1791 1792
767 1792
1792 1793
1792 1795
1789 1796
760 762
762 763
762 766
762 1789
762 1793
762 1794
762 1795
1786 1789
1788 1789
1789 1794
1793 1795
194 755
194 756
194 764
194 783
755 756
755 772
755 773
755 782
755 783
756 764
756 773
763 764
764 766
764 773
781 783
782 783
196 197
197 719
719 786
713 714
714 715
714 786
714 789
714 791
712 715
713 715
786 789
789 797
795 796
795 797
795 800
795 803
795 822
795 823
780 797
796 797
777 778
778 780
778 781
780 796
777 781
781 782
201 202
201 204
201 206
201 712
201 792
201 823
202 203
202 204
202 821
202 822
202 823
202 824
204 205
204 206
204 820
204 824
204 827
205 206
206 212
206 708
206 825
712 713
712 792
713 792
791 792
822 823
203 803
203 804
203 805
203 821
203 822
222 821
804 821
813 821
821 824
803 822
813 824
820 824
233 803
800 803
802 803
803 805
222 804
804 805
804 812
804 814
233 805
805 806
805 807
805 812
205 825
205 826
205 827
813 820
819 820
820 827
818 827
819 827
826 827
827 829
827 845
827 846
212 825
825 826
212 826
826 829
826 830
207 212
212 708
212 830
207 708
207 830
213 830
828 830
829 830
576 577
215 573
215 576
215 835
213 835
835 837
213 828
213 837
828 829
828 837
828 845
837 838
837 845
214 217
214 568
214 569
214 571
214 842
217 552
217 568
217 842
217 856
217 857
552 568
567 568
568 569
567 569
569 571
567 571
570 571
571 842
570 842
841 842
842 856
551 552
552 567
552 857
552 858
855 856
856 857
855 857
857 858
218 865
218 868
218 871
865 868
868 871
870 871
871 872
871 873
870 873
224 881
224 882
224 883
223 816
816 817
816 818
816 881
816 882
881 882
850 852
850 853
852 853
222 223
222 813
222 814
222 818
223 814
223 815
223 818
223 882
813 818
813 819
232 814
807 814
811 814
812 814
814 815
817 818
818 819
818 846
810 815
811 815
815 882
815 888
882 883
882 888
883 884
883 886
883 887
883 888
225 900
225 901
225 916
225 917
899 900
900 901
900 902
900 916
226 901
901 902
901 908
901 917
899 916
915 916
916 917
916 918
916 919
916 920
226 917
907 917
909 917
910 917
915 917
226 907
226 908
904 907
906 907
907 908
907 910
902 908
903 908
904 908
227 246
227 247
227 905
227 906
227 911
227 979
227 984
246 247
246 977
246 978
246 979
246 983
247 983
247 984
247 985
904 905
905 906
905 984
904 906
906 910
906 911
910 911
911 913
911 979
913 979
978 979
248 984
903 984
904 984
984 985
984 993
984 1022
984 1025
924 941
931 941
940 941
909 910
909 913
909 914
909 915
913 914
914 978
919 920
920 922
920 923
231 232
231 808
231 809
231 811
231 928
231 929
232 806
232 807
232 811
232 929
808 809
808 889
808 927
808 928
809 810
809 811
809 888
809 889
810 811
236 928
927 928
928 929
928 931
236 929
806 929
929 930
929 933
929 935
233 806
806 807
806 930
806 1248
807 812
233 801
233 802
233 1248
312 801
801 802
801 1248
801 1249
801 1250
312 802
800 802
930 1248
1247 1248
1248 1249
235 934
235 936
235 937
235 952
235 1242
239 953
239 954
239 1222
238 952
937 952
951 952
952 953
238 953
953 954
933 934
934 935
934 936
934 937
934 940
935 936
936 1242
935 1242
1242 1246
236 931
236 933
236 940
924 931
927 931
931 940
933 935
933 940
237 238
237 955
237 956
237 957
238 951
238 954
238 955
238 956
954 955
955 957
955 958
955 961
955 1218
951 956
956 957
956 966
957 961
957 962
957 965
957 966
945 951
948 951
951 966
954 1218
954 1222
954 1223
240 1222
241 1222
1221 1222
1222 1223
240 241
240 1219
240 1220
240 1221
241 242
241 1218
241 1219
241 1223
242 1219
1216 1219
1219 1220
307 1220
1212 1220
1213 1220
1216 1220
1220 1221
307 1221
1221 1225
242 958
242 959
242 1218
958 1218
1218 1223
958 959
958 961
959 961
243 971
243 980
243 981
243 989
249 971
970 971
971 989
971 990
971 998
971 999
971 1000
976 980
980 981
980 982
981 982
981 986
981 988
981 989
988 989
989 990
989 991
244 945
244 976
244 977
945 948
945 949
945 977
976 977
976 982
976 983
977 978
977 983
913 978
982 983
983 985
983 986
248 985
985 986
248 986
248 987
248 993
982 986
986 987
986 988
987 988
987 992
987 993
990 993
991 993
992 993
993 995
249 990
249 998
990 991
997 998
998 999
250 968
250 969
250 1000
968 1000
968 1001
968 1081
969 970
969 1000
970 1000
999 1000
1000 1001
999 1001
1001 1004
1006 1008
1007 1008
1008 1038
1006 1038
1038 1039
1038 1040
996 997
996 1004
996 1005
997 999
997 1004
1005 1007
1005 1074
255 1011
255 1017
255 1022
1017 1021
1017 1022
256 1022
1021 1022
1022 1023
1022 1025
256 1020
256 1021
256 1023
256 1028
1020 1021
1020 1028
258 1023
1023 1024
1023 1025
1023 1028
258 1028
1026 1028
1027 1028
257 258
257 1024
257 1025
257 1026
257 1031
258 1024
258 1026
1024 1025
1026 1027
1026 1031
1027 1031
1031 1032
1031 1049
259 1035
259 1044
259 1048
259 1051
1035 1036
1035 1044
1035 1046
1041 1044
1042 1044
1044 1045
1044 1046
1048 1049
1048 1051
1036 1040
1036 1046
1039 1040
1040 1041
1040 1045
1040 1046
1055 1057
1058 1059
1049 1121
1055 1120
1055 1121
264 1121
265 1121
1120 1121
264 265
264 1125
265 1120
265 1125
267 268
267 1060
267 1063
267 1064
268 1063
268 1064
268 1112
1059 1060
1060 1063
1060 1064
1060 1113
1060 1114
1059 1063
1061 1063
1064 1112
1064 1113
1066 1112
1112 1113
1068 1072
1069 1072
1072 1073
1072 1076
270 271
270 1081
270 1083
270 1084
271 272
271 1067
271 1068
271 1084
271 1085
271 1087
1081 1083
962 1083
1083 1084
1084 1087
272 1067
272 1086
272 1087
1066 1067
1067 1068
1067 1069
1067 1086
1068 1069
1068 1076
1068 1085
1076 1085
1086 1087
1066 1086
1086 1111
273 1102
273 1103
273 1167
273 1168
273 1170
273 1171
273 1172
277 1102
1101 1102
1102 1103
1102 1104
1102 1105
1102 1171
1098 1103
1099 1103
1101 1103
1103 1170
1140 1167
1161 1167
1165 1167
1166 1167
1167 1168
1167 1172
1168 1169
1168 1171
1098 1170
1170 1172
1104 1171
1169 1171
274 1172
1098 1172
1165 1172
274 275
274 1098
274 1165
274 1175
275 1164
275 1165
275 1174
275 1175
1098 1099
1098 1175
295 1165
1161 1165
1164 1165
1165 1181
1099 1175
1174 1175
1164 1179
1164 1181
277 1101
277 1105
277 1106
277 1107
1099 1101
1101 1107
1101 1108
1101 1109
1104 1105
1105 1106
278 1106
1106 1107
278 1107
1091 1107
1107 1108
1107 1111
278 1066
278 1111
278 1113
278 1115
278 1134
1066 1069
1066 1111
1066 1113
1091 1111
1110 1111
1113 1114
1113 1115
1113 1134
1114 1115
1115 1134
281 283
283 1143
283 1144
283 1145
281 1144
281 1145
281 1146
281 1152
282 1144
1143 1144
1144 1145
1144 1146
282 1146
1152 1153
1152 1154
1152 1408
282 1143
285 1137
285 1140
285 1141
285 1157
285 1158
1137 1138
1137 1140
1137 1158
1138 1140
1140 1141
1140 1166
288 1157
289 1157
1157 1158
289 1158
290 1158
293 1158
1138 1158
288 289
288 1150
289 290
289 1149
289 1150
1149 1150
1150 1154
290 293
290 1149
290 1155
290 1156
290 1401
1149 1154
1149 1156
292 293
293 294
293 295
293 1138
293 1139
293 1159
293 1160
293 1400
293 1401
1155 1156
1155 1401
1155 1405
1155 1406
1153 1156
1154 1156
1156 1405
1156 1407
350 1401
1160 1401
1401 1402
1401 1406
291 292
291 350
291 1160
291 1380
291 1388
291 1398
291 1400
292 295
292 1162
292 1380
292 1400
350 351
350 1160
350 1398
350 1399
350 1402
350 1403
1159 1160
1160 1400
345 1380
1162 1380
1379 1380
1380 1381
1380 1388
1381 1388
1388 1398
1398 1399
1159 1400
294 295
295 1161
295 1162
295 1181
1162 1182
1162 1379
294 1139
294 1161
294 1166
1138 1139
1138 1166
1139 1166
1161 1166
297 1181
1179 1181
298 1182
298 1184
298 1375
298 1377
298 1378
1182 1378
1182 1379
297 302
297 1179
297 1184
300 302
302 1184
302 1185
302 1189
1184 1185
1184 1371
1184 1375
344 1375
1371 1375
1374 1375
1375 1376
1375 1377
345 1377
1376 1377
1377 1378
1377 1382
345 1378
1378 1379
299 342
299 1191
299 1370
299 1371
318 342
342 1366
342 1369
342 1370
318 1191
1185 1191
1186 1191
1191 1192
1191 1370
1191 1371
318 1370
1185 1371
300 1187
300 1189
300 1203
300 1205
1187 1189
1187 1205
1185 1189
1186 1189
1188 1189
1189 1190
1189 1205
317 1203
1203 1204
1203 1205
1188 1205
1204 1205
1185 1186
1092 1096
1096 1100
1099 1100
1099 1109
1091 1100
1092 1100
1100 1108
1100 1109
1091 1092
1092 1093
1092 1094
1093 1094
1094 1215
306 1210
306 1213
306 1214
306 1215
306 1216
1210 1214
1210 1230
1212 1213
1213 1214
1213 1216
1212 1214
1214 1230
1215 1216
307 1212
307 1225
307 1228
307 1229
307 1230
1212 1230
1225 1226
1225 1229
1226 1228
1227 1228
1228 1229
1228 1230
1226 1229
309 310
309 311
309 1234
309 1237
309 1239
309 1253
310 311
310 313
310 1253
311 313
311 1239
1233 1234
1234 1235
1234 1237
1234 1238
1234 1253
1234 1264
1234 1265
1234 1267
1236 1237
1237 1238
1237 1239
1236 1239
1235 1253
1253 1254
313 1245
312 800
312 1250
796 800
800 1250
800 1251
1249 1250
1250 1251
1245 1246
1245 1247
1245 1249
1245 1251
314 775
314 777
314 782
314 1257
314 1258
774 775
775 776
775 782
775 1258
775 1259
777 782
777 1257
772 782
774 782
1254 1257
1257 1258
1254 1258
1258 1259
1258 1262
315 1274
315 1275
315 1276
315 1280
315 1281
315 1287
1270 1274
1272 1274
1274 1275
1274 1277
1274 1287
1274 1289
1275 1276
1275 1277
1276 1277
1276 1278
1276 1279
1276 1280
319 1280
1279 1280
1280 1281
319 1281
320 1281
1281 1285
1281 1286
1281 1287
1285 1287
1287 1288
1287 1289
316 317
316 1198
316 1199
316 1266
317 1197
317 1204
317 1266
1198 1199
1198 1200
1199 1200
1199 1265
1199 1266
1199 1267
1266 1267
1266 1268
1266 1270
1196 1197
1197 1204
1188 1204
1196 1204
318 323
318 1368
318 1369
322 323
323 325
323 1288
323 1289
323 1368
325 1368
1368 1369
1366 1369
319 320
319 768
319 769
319 1279
320 767
320 768
320 1282
320 1286
767 768
768 769
768 770
768 1278
769 1278
769 1279
1278 1279
765 767
766 767
767 770
767 1793
1282 1286
1285 1286
321 322
321 1285
321 1288
321 1291
321 1292
321 1295
322 325
322 1288
322 1291
1285 1288
1288 1289
1291 1292
1292 1295
327 1295
1294 1295
1295 1296
340 1363
1359 1363
327 1294
327 1297
327 1298
1297 1298
1298 1299
1298 1306
1298 1307
1294 1296
1294 1297
1296 1297
1297 1307
1297 1326
328 329
328 1308
328 1317
328 1325
328 1326
329 1308
329 1311
329 1316
329 1317
1307 1308
1308 1311
1308 1326
330 1317
1314 1317
1316 1317
1317 1318
1317 1325
1325 1326
1325 1327
1296 1326
1307 1326
1326 1327
1311 1316
1314 1316
1315 1316
330 1314
330 1318
330 1319
330 1626
408 1314
1314 1315
1314 1626
1314 1631
1318 1319
1318 1320
1319 1626
408 1626
1626 1627
1348 1351
1348 1352
1348 1464
1350 1351
1351 1352
1351 1353
1351 1358
1350 1358
1356 1358
1357 1358
338 1464
338 1465
338 1467
1352 1464
1462 1464
1464 1465
1464 1466
337 1344
369 370
369 371
369 374
369 1470
370 371
371 373
371 400
371 1344
371 1474
400 1344
1344 1473
1465 1466
1465 1467
1465 1468
1467 1468
1467 1472
339 1353
339 1354
339 1355
339 1383
339 1385
339 1387
1350 1353
1352 1353
1353 1354
1350 1354
1354 1355
1354 1356
344 1355
1355 1356
1355 1374
1355 1383
1374 1383
1382 1383
1383 1385
345 1385
1382 1385
1384 1385
1385 1387
1381 1387
1384 1387
340 1359
340 1364
340 1366
1357 1359
1359 1364
344 1364
1356 1364
1357 1364
344 1356
344 1374
1350 1356
1356 1357
1374 1376
1374 1382
345 1379
345 1381
345 1382
345 1384
1381 1384
1376 1382
348 349
348 367
348 1458
348 1460
349 1391
349 1457
349 1458
367 1459
367 1460
1457 1458
1458 1460
357 1460
365 1460
1453 1460
1459 1460
1390 1391
1391 1457
351 356
351 1396
351 1399
351 1403
351 1404
1394 1399
1396 1399
1402 1403
1402 1406
1403 1404
1403 1405
1403 1406
356 1395
356 1396
356 1404
356 1419
356 1420
1393 1396
1394 1396
1395 1396
1404 1405
1404 1412
1404 1420
1404 1421
352 353
352 355
352 1411
352 1412
353 1405
353 1407
353 1408
353 1409
353 1411
353 1412
355 1411
355 1412
355 1413
355 1414
355 1419
355 1420
355 1421
1405 1412
1412 1421
1405 1406
1405 1407
1153 1407
1407 1408
1153 1408
1408 1409
1413 1417
1413 1414
1413 1419
1419 1420
1420 1421
1393 1395
357 1453
357 1454
365 1453
1453 1454
364 1454
365 1454
1446 1454
1426 1428
1426 1429
360 1429
1428 1429
1429 1430
1430 1431
1430 1432
360 1428
360 1434
360 1436
360 1437
1428 1437
1434 1436
1434 1438
1436 1437
1436 1438
1436 1440
361 1437
1437 1440
1437 1442
361 1440
361 1441
361 1442
361 1443
361 1444
361 1502
361 1503
1438 1440
1440 1441
1441 1503
1441 1504
1441 1505
1442 1444
1443 1444
1443 1447
1443 1448
1443 1501
1443 1502
1444 1447
377 1502
1501 1502
1502 1503
1502 1504
1503 1504
364 1446
1446 1447
1446 1449
363 374
363 375
363 376
363 1449
363 1450
363 1495
370 374
374 1450
374 1470
374 1475
374 1492
374 1494
374 1495
375 376
375 1495
375 1496
375 1497
376 1447
376 1448
376 1449
376 1497
364 1449
1447 1449
1449 1450
1449 1452
1450 1451
1450 1452
1450 1470
372 1495
1492 1495
1495 1496
364 365
364 1452
365 1451
365 1452
365 1459
365 1463
365 1469
1451 1452
1451 1470
1459 1463
1462 1463
1463 1469
1461 1469
1462 1469
1466 1469
1469 1472
1462 1466
1461 1472
1468 1472
370 373
370 1475
373 390
373 1474
373 1475
373 1476
373 1492
373 1494
1475 1494
400 1473
400 1474
400 1476
400 1477
400 1478
1474 1476
372 1492
372 1496
372 1499
390 1492
1492 1493
1492 1494
1496 1497
1496 1499
1497 1499
1498 1499
1499 1501
390 1476
390 1477
390 1478
390 1484
390 1493
1476 1477
1448 1497
1497 1501
1447 1448
1448 1501
377 380
377 1500
377 1501
377 1504
377 1508
380 1498
380 1500
380 1501
1498 1500
1500 1507
1500 1508
1500 1509
1500 1517
1498 1501
378 1504
379 1504
1504 1505
1504 1508
379 1508
1507 1508
378 379
378 1505
378 1507
378 1509
379 1507
1507 1509
1509 1510
1509 1514
1509 1517
1525 1526
1514 1515
1515 1526
1514 1526
384 1531
1531 1532
384 1532
385 1532
1523 1532
1530 1532
1532 1533
1532 1535
384 1528
384 1530
1528 1530
1530 1534
1530 1535
1530 1536
385 1533
385 1534
385 1535
385 1537
385 1538
385 1541
1523 1533
1533 1540
1533 1541
1534 1535
1534 1536
1534 1537
1536 1537
1537 1538
1536 1538
1538 1539
1538 1540
1538 1541
1538 1544
1538 1568
1538 1657
1538 2019
1540 1541
386 387
386 388
386 1542
386 1543
386 1544
387 1542
387 1544
387 1545
387 1546
388 1523
388 1542
388 1543
388 1545
388 1550
1542 1545
1523 1543
1539 1543
1543 1544
1539 1544
1544 1546
1544 1568
1545 1546
1545 1550
1546 1567
1546 1568
1523 1539
1523 1540
1477 1478
1478 1484
398 1484
1483 1484
1484 1493
391 1555
391 1559
1555 1556
1555 1559
394 1560
394 1562
394 1588
394 1590
397 1560
1481 1560
1560 1561
1560 1590
1560 1592
1562 1570
1580 1588
1587 1588
1588 1590
397 1590
1587 1590
1590 1591
1590 1595
395 1580
395 1581
395 1586
395 1587
1573 1580
1575 1580
1580 1581
1580 1582
1580 1587
1581 1582
1581 1585
1581 1586
396 1586
1585 1586
1586 1587
1586 1616
396 1587
1587 1591
1587 1614
396 1596
396 1614
396 1615
396 1616
1596 1597
1596 1614
1596 1615
1591 1614
1595 1614
1597 1614
399 1615
1612 1615
1613 1615
1615 1616
1612 1616
397 1592
397 1594
397 1595
1480 1592
1481 1592
1592 1594
1480 1594
1593 1594
1594 1595
1591 1595
398 1481
398 1483
398 1561
1480 1481
1481 1561
399 401
399 1605
399 1611
399 1612
399 1613
401 1602
401 1605
401 1606
401 1608
401 1610
401 1611
1602 1605
1605 1613
1610 1611
1611 1612
1611 1617
1611 1623
1473 1601
1601 1602
1320 1606
1337 1606
1606 1608
1608 1609
1608 1610
1609 1610
1617 1622
1617 1623
409 1619
409 1621
409 1622
409 1647
1621 1622
1622 1623
1619 1647
408 1627
408 1629
408 1630
408 1631
408 1632
1620 1629
1621 1629
1629 1630
1629 1637
441 1630
1630 1632
1630 1634
1630 1636
1630 1637
442 1631
1313 1631
1315 1631
1631 1632
441 1632
442 1632
1619 1620
1619 1621
1619 1638
1620 1621
1621 1623
1620 1638
1636 1638
1637 1638
418 419
419 438
413 1583
413 1649
413 1650
413 1651
413 1654
1583 1649
1651 1654
1578 1583
1583 1585
1583 1650
1577 1650
1578 1650
1579 1650
1650 1654
1650 1655
1653 1654
1654 1655
414 415
414 416
414 1657
414 1658
415 416
415 1658
415 1659
416 1659
1568 1657
1569 1657
1576 1657
1656 1657
1657 1658
1653 1658
1656 1658
1659 1661
418 1661
438 1672
438 1673
1672 1673
423 1666
1666 1667
1666 1677
423 1677
1677 1678
1677 1679
1677 1685
423 1667
423 1684
423 1685
423 1686
1667 1686
424 1684
1683 1684
1684 1685
1684 1686
424 1685
1678 1685
1683 1686
424 428
424 1678
424 1682
424 1683
424 1687
424 1690
428 1680
428 1681
428 1682
428 1690
428 1710
428 1711
1678 1679
1678 1682
1679 1682
1681 1682
1683 1687
1690 1691
1690 1710
427 1691
427 1692
427 1693
427 1709
1692 1693
426 1701
426 1706
426 1709
1692 1701
1701 1709
503 1706
1706 1708
1706 1709
1706 1713
1706 1714
1691 1709
1692 1709
1708 1709
1709 1710
1709 1711
1691 1710
1680 1681
1680 1711
1680 1712
1680 1744
1680 1745
1676 1681
1679 1681
1710 1711
1708 1711
1711 1712
429 431
429 1717
429 1742
429 1743
429 1748
430 431
431 433
431 1715
431 1717
431 1718
431 1743
431 1745
433 1717
1716 1717
1717 1719
1717 1742
434 1742
1716 1742
1734 1742
1737 1742
1743 1744
1743 1745
1743 1748
1744 1748
430 1707
430 1708
430 1715
430 1745
1707 1708
1707 1712
1707 1745
1708 1712
1708 1713
1708 1715
1713 1715
1714 1715
1715 1718
1712 1745
1744 1745
433 1718
433 1719
433 1720
503 1718
1714 1718
1718 1720
432 1716
432 1719
432 1720
432 1723
434 1716
498 1716
1716 1719
1716 1723
1716 1724
1719 1720
502 1720
503 1720
1720 1723
1720 1992
498 1723
1723 1992
434 1724
434 1733
434 1734
498 1724
1722 1724
1724 1733
1722 1733
1730 1733
1731 1733
1732 1733
1733 1734
1731 1734
1734 1735
1734 1736
1734 1737
435 436
435 1755
435 1756
435 1757
435 1758
436 1738
436 1739
436 1757
1749 1755
1755 1756
1755 1759
1755 1760
1755 1766
1756 1758
1756 1765
1756 1766
1738 1757
1757 1758
1738 1758
1758 1765
463 1738
1737 1738
1738 1739
1738 1765
1738 1768
1738 1769
1738 1848
1737 1739
1749 1754
1749 1760
1633 1754
1752 1754
1754 1760
440 441
440 1633
440 1634
440 1760
441 442
441 1634
441 1760
1633 1634
1633 1635
1633 1752
1633 1760
1634 1635
1634 1636
442 1760
1759 1760
442 446
442 1313
442 1759
443 446
445 446
446 1313
446 1759
446 1761
1313 1315
443 1759
1759 1766
443 445
443 1766
444 445
445 1761
445 1766
445 1767
444 1766
1765 1766
444 1765
444 1767
444 1768
1765 1768
1761 1767
1767 1768
1767 1771
1767 1772
1768 1769
1768 1771
1761 1763
1761 1772
452 1763
452 1764
1763 1764
1763 1772
448 1300
448 1302
448 1303
448 1304
448 1785
1299 1300
1300 1302
1300 1303
1299 1303
1303 1304
1303 1306
1304 1306
1304 1784
1304 1785
450 1785
1779 1785
1784 1785
1785 1786
1785 1787
450 1786
450 1787
450 1806
1786 1788
1786 1805
1786 1806
453 1787
1778 1787
1779 1787
1787 1806
453 1806
1804 1806
1805 1806
451 453
451 461
451 1778
451 1779
451 1780
451 1781
451 1807
453 1778
453 1803
453 1804
453 1807
453 1808
461 1773
461 1777
461 1781
461 1807
1778 1779
1779 1780
1779 1784
1780 1781
1780 1783
1780 1784
1764 1781
1772 1781
1773 1781
1781 1783
1776 1807
1777 1807
1807 1808
1807 1809
1807 1814
1764 1772
1764 1783
454 1803
1802 1803
1803 1804
1803 1808
1803 1816
1802 1804
1804 1805
454 1808
1808 1814
454 1813
454 1814
454 1815
454 1816
456 1813
1809 1813
1810 1813
1813 1814
1813 1815
1813 1829
1809 1814
1812 1815
1815 1816
1815 1819
1815 1829
1802 1816
1788 1797
1797 1805
1802 1805
1788 1805
456 457
456 458
456 1810
456 1827
456 1829
456 1830
457 458
457 1830
457 1839
458 1810
458 1811
458 1839
1776 1810
1809 1810
1810 1811
1812 1827
1827 1829
1827 1830
1812 1829
1812 1830
1828 1830
459 1839
1811 1839
1839 1840
1839 1845
1811 1840
459 1840
459 1845
459 1846
1836 1845
1845 1846
1845 1849
1845 1850
1845 1852
1846 1847
1846 1848
1846 1849
1846 1850
1774 1776
1774 1777
1776 1777
1776 1809
1772 1773
1769 1771
1769 1848
1847 1848
463 1848
1848 1849
463 1736
463 1737
463 1849
1735 1736
1736 1737
1736 1849
1736 1851
1736 1852
1849 1850
1849 1852
464 1836
464 1851
464 1852
464 1853
464 1855
1836 1852
1836 1853
497 1851
1731 1851
1732 1851
1735 1851
1851 1852
1851 1855
497 1855
1855 1856
1858 1859
1859 1879
466 467
466 486
466 1864
466 1867
466 1975
466 1983
467 486
467 493
467 494
467 1975
486 1865
486 1867
486 1944
1864 1983
485 1867
1865 1867
1866 1867
1867 1870
494 1975
1974 1975
1975 1977
1975 1978
1975 1983
495 1983
1977 1983
1982 1983
493 494
493 1972
493 1973
494 1972
494 1974
1875 1876
1873 1876
738 1826
1823 1826
1812 1828
1820 1828
1883 1886
1886 1887
477 1903
477 1904
477 1937
483 1903
1873 1903
1903 1904
1903 1937
478 1904
479 1904
1900 1904
1904 1937
478 1937
483 1937
1937 1940
478 1936
478 1940
1933 1936
1935 1936
1936 1940
483 1940
1932 1940
1935 1940
1938 1940
1940 1943
479 1900
481 482
481 1907
481 1928
481 1929
481 1934
1907 1934
482 1928
1921 1928
1923 1928
482 1929
1929 1930
1929 1934
1930 1934
1932 1934
1933 1934
483 1938
1865 1866
1866 1870
1866 1943
1866 1944
485 1870
485 1873
1865 1944
489 491
491 1956
491 1959
488 1953
1947 1953
1956 1959
488 1947
492 1965
1965 1966
1965 1973
1966 1973
1972 1973
1973 1976
1973 2000
510 1959
1959 1960
1972 1974
1972 1976
1974 1976
1974 1978
495 1982
495 1984
1977 1982
1981 1982
1722 1725
1725 1729
1725 1730
497 1729
1729 1730
497 1730
497 1732
497 1856
1722 1730
1730 1732
1731 1732
1856 1858
498 1722
498 1727
498 1991
1727 1991
499 1992
500 1992
502 1992
1992 1993
1992 2009
500 1993
501 1993
1993 2009
501 2008
501 2009
501 2011
1704 2008
2008 2009
2008 2010
2008 2011
502 2009
1704 2009
2004 2011
2010 2011
502 503
502 1704
502 1721
503 1705
503 1714
503 1721
1704 1705
1704 1721
1704 2010
1704 2014
1705 1721
1705 2014
1705 2015
1713 1714
504 1695
504 2016
504 2017
504 2019
1695 2019
2016 2017
2017 2019
2019 2023
507 509
507 1969
507 1970
507 2001
507 2002
507 2003
507 2033
509 1966
509 1970
509 2033
1969 1970
1969 2001
1966 1970
1970 2000
2001 2002
2001 2005
2002 2003
2002 2005
2003 2004
2003 2005
1966 2000
510 1960
2047 2048
513 514
513 518
514 518
521 600
541 543
546 551
551 858
567 570
561 563
570 841
838 841
621 626
621 628
625 626
626 627
626 628
627 628
625 651
625 653
651 652
651 653
652 653
641 1921
1918 1921
1920 1921
1921 1922
1921 1923
646 652
649 652
641 643
641 1920
642 643
643 1919
643 1920
1918 1920
1919 1920
642 646
646 649
648 649
649 650
649 1896
648 650
648 665
648 1893
648 1895
648 1896
650 665
1893 1895
1890 1895
730 731
713 791
731 732
737 738
737 740
738 739
739 740
739 1823
738 740
738 1823
765 772
771 772
772 773
772 774
765 773
766 773
760 763
763 766
760 761
760 1794
761 1794
1788 1794
765 766
766 1793
765 770
765 771
770 771
770 774
770 1278
771 774
774 1278
776 1278
1277 1278
774 776
776 1259
776 1260
776 1277
1259 1260
1259 1262
1259 1268
1260 1268
1260 1269
1260 1277
1269 1277
1270 1277
1249 1251
1247 1249
930 935
930 1246
930 1247
887 889
888 889
889 925
889 926
889 927
889 932
924 927
927 932
810 888
887 888
817 846
817 847
845 846
846 847
829 845
872 873
891 896
894 896
895 896
896 897
896 898
896 902
896 903
902 903
903 904
884 893
885 893
892 893
893 894
892 894
894 895
884 885
884 886
885 886
886 887
886 890
887 890
887 925
885 890
885 892
890 891
890 892
890 895
890 918
890 919
890 925
892 895
919 925
921 925
924 925
925 926
925 932
926 932
924 932
891 895
891 898
891 918
898 918
899 918
918 919
919 921
919 922
897 898
898 899
897 899
897 902
899 902
910 913
921 922
921 923
921 924
922 923
923 924
935 1246
1246 1247
948 949
948 965
948 966
965 966
961 962
999 1004
988 991
988 992
991 992
1007 1074
1039 1074
1073 1074
1074 1076
1006 1007
1007 1039
1006 1039
1039 1041
1039 1073
1027 1030
1027 1032
1030 1032
1045 1046
1041 1042
1041 1045
1041 1073
1073 1076
1059 1114
1091 1108
1091 1110
1108 1109
1104 1169
1153 1154
1186 1190
1186 1192
1188 1190
1190 1192
1190 1196
1188 1196
1200 1233
1200 1265
1233 1265
1265 1267
1264 1267
1267 1268
1226 1227
1226 1232
1226 1236
1227 1232
1232 1236
1232 1238
1236 1238
1235 1254
1235 1262
1235 1263
1235 1264
1261 1264
1263 1264
1264 1268
1254 1262
1261 1262
1262 1263
1262 1268
1261 1263
1261 1268
1268 1269
1268 1270
1269 1270
1270 1272
1299 1306
1783 1784
1320 1337
1335 1337
1390 1393
1390 1394
1393 1394
1431 1432
1461 1466
1461 1468
1466 1468
1480 1593
1514 1517
1510 1511
1510 1514
1511 1514
1539 1540
1567 1568
1568 1569
1568 1570
1569 1570
1570 1574
1569 1574
1569 1576
1573 1574
1574 1575
1574 1576
1575 1576
1576 1577
1576 1656
1573 1575
1575 1577
1575 1579
1575 1582
1577 1579
1577 1655
1577 1656
1578 1579
1579 1582
1578 1582
1582 1585
1653 1656
1655 1656
1653 1655
1578 1585
1620 1637
1636 1637
1635 1636
1635 1752
1676 1679
2014 2015
2010 2014
1731 1735
1771 1772
1812 1819
1812 1820
1819 1820
1932 1933
1933 1935
1918 1922
1922 1923
1922 1924
1923 1924
1930 1932
1932 1935
1971 1976
1971 1979
1971 1981
1976 1978
1976 1981
1979 1981
1977 1981
1978 1981
1977 1978
2004 2005
