1 2
1 3
2 1
2 3
3 1
3 4
3 5
4 1
4 3
4 5
5 3
5 6
5 7
6 3
6 5
6 7
7 5
7 8
7 9
8 5
8 7
8 9
9 7
9 10
9 11
10 7
10 9
10 11
11 9
11 12
11 13
12 9
12 11
12 13
13 11
13 14
13 15
14 11
14 13
14 15
15 13
15 16
15 17
16 13
16 15
16 17
17 15
17 18
17 19
18 15
18 17
18 19
19 17
19 20
19 21
20 17
20 19
20 21
21 19
21 22
21 23
22 19
22 21
22 23
23 21
23 24
23 25
24 21
24 23
24 25
25 23
25 26
25 27
26 23
26 25
26 27
27 25
27 28
27 29
28 25
28 27
28 29
29 27
29 30
29 31
30 27
30 29
30 31
31 29
31 32
31 33
32 29
32 31
32 33
33 31
33 34
33 35
34 31
34 33
34 35
35 33
35 36
35 37
36 33
36 35
36 37
37 35
37 38
37 39
38 35
38 37
38 39
39 37
39 40
39 41
40 37
40 39
40 41
41 39
41 42
41 43
42 39
42 41
42 43
43 41
43 44
43 45
44 41
44 43
44 45
45 43
45 46
45 47
46 43
46 45
46 47
47 45
47 48
47 49
48 45
48 47
48 49
49 47
49 50
49 51
50 47
50 49
50 51
51 49
51 52
51 53
52 49
52 51
52 53
53 51
53 54
53 55
54 51
54 53
54 55
55 53
55 56
55 57
56 53
56 55
56 57
57 55
57 58
57 59
58 55
58 57
58 59
59 57
59 60
59 61
60 57
60 59
60 61
61 59
61 62
61 63
62 59
62 61
62 63
63 61
63 64
63 65
64 61
64 63
64 65
65 63
65 66
65 67
66 63
66 65
66 67
67 65
67 68
67 69
68 65
68 67
68 69
69 67
69 70
69 71
70 67
70 69
70 71
71 69
71 72
71 73
72 69
72 71
72 73
73 71
73 74
73 75
74 71
74 73
74 75
75 73
75 76
75 77
76 73
76 75
76 77
77 75
77 78
77 79
78 75
78 77
78 79
79 77
79 80
79 81
80 77
80 79
80 81
81 79
81 82
81 83
82 79
82 81
82 83
83 81
83 84
83 85
84 81
84 83
84 85
85 83
85 86
85 87
86 83
86 85
86 87
87 85
87 88
87 89
88 85
88 87
88 89
89 87
89 90
89 91
90 87
90 89
90 91
91 89
91 92
91 93
92 89
92 91
92 93
93 91
93 94
93 95
94 91
94 93
94 95
95 93
95 96
95 97
96 93
96 95
96 97
97 95
97 98
97 99
98 95
98 97
98 99
99 97
99 100
99 101
100 97
100 99
100 101
101 99
101 102
101 103
102 99
102 101
102 103
103 101
103 104
103 105
104 101
104 103
104 105
105 103
105 106
105 107
106 103
106 105
106 107
107 105
107 108
107 109
108 105
108 107
108 109
109 107
109 110
109 111
110 107
110 109
110 111
111 109
111 112
111 113
112 109
112 111
112 113
113 111
113 114
113 115
114 111
114 113
114 115
115 113
115 116
115 117
116 113
116 115
116 117
117 115
117 118
117 119
118 115
118 117
118 119
119 117
119 120
119 121
120 117
120 119
120 121
121 119
121 122
121 123
122 119
122 121
122 123
123 121
123 124
123 125
124 121
124 123
124 125
125 123
125 126
125 127
126 123
126 125
126 127
127 125
127 128
127 129
128 125
128 127
128 129
129 127
129 130
129 131
130 127
130 129
130 131
131 129
131 132
131 133
132 129
132 131
132 133
133 131
133 134
133 135
134 131
134 133
134 135
135 133
135 136
135 137
136 133
136 135
136 137
137 135
137 138
137 139
138 135
138 137
138 139
139 137
139 140
139 141
140 137
140 139
140 141
141 139
141 142
141 143
142 139
142 141
142 143
143 141
143 144
143 145
144 141
144 143
144 145
145 143
145 146
145 147
146 143
146 145
146 147
147 145
147 148
147 149
148 145
148 147
148 149
149 147
149 150
149 151
150 147
150 149
150 151
151 149
151 152
151 153
152 149
152 151
152 153
153 151
153 154
153 155
154 151
154 153
154 155
155 153
155 156
155 157
156 153
156 155
156 157
157 155
157 158
157 159
158 155
158 157
158 159
159 157
159 160
159 161
160 157
160 159
160 161
161 159
161 162
161 163
162 159
162 161
162 163
163 161
163 164
163 165
164 161
164 163
164 165
165 163
165 166
165 167
166 163
166 165
166 167
167 165
167 168
167 169
168 165
168 167
168 169
169 167
169 170
169 171
170 167
170 169
170 171
171 169
171 172
171 173
172 169
172 171
172 173
173 171
173 174
173 175
174 171
174 173
174 175
175 173
175 176
175 177
176 173
176 175
176 177
177 175
177 178
177 179
178 175
178 177
178 179
179 177
179 180
179 181
180 177
180 179
180 181
181 179
181 182
181 183
182 179
182 181
182 183
183 181
183 184
183 185
184 181
184 183
184 185
185 183
185 186
185 187
186 183
186 185
186 187
187 185
187 188
187 189
188 185
188 187
188 189
189 187
189 190
189 191
190 187
190 189
190 191
191 189
191 192
191 193
192 189
192 191
192 193
193 191
193 194
193 195
194 191
194 193
194 195
195 193
195 196
195 197
196 193
196 195
196 197
197 195
197 198
197 199
198 195
198 197
198 199
199 197
199 200
199 201
200 197
200 199
200 201
201 199
201 202
201 203
202 199
202 201
202 203
203 201
203 204
203 205
204 201
204 203
204 205
205 203
205 206
205 207
206 203
206 205
206 207
207 205
207 208
207 209
208 205
208 207
208 209
209 207
209 210
209 211
210 207
210 209
210 211
211 209
211 212
211 213
212 209
212 211
212 213
213 211
213 214
213 215
214 211
214 213
214 215
215 213
215 216
215 217
216 213
216 215
216 217
217 215
217 218
217 219
218 215
218 217
218 219
219 217
219 220
219 221
220 217
220 219
220 221
221 219
221 222
221 223
222 219
222 221
222 223
223 221
223 224
223 225
224 221
224 223
224 225
225 223
225 226
225 227
226 223
226 225
226 227
227 225
227 228
227 229
228 225
228 227
228 229
229 227
229 230
229 231
230 227
230 229
230 231
231 229
231 232
231 233
232 229
232 231
232 233
233 231
233 234
233 235
234 231
234 233
234 235
235 233
235 236
235 237
236 233
236 235
236 237
237 235
237 238
237 239
238 235
238 237
238 239
239 237
239 240
239 241
240 237
240 239
240 241
241 239
241 242
241 243
242 239
242 241
242 243
243 241
243 244
243 245
244 241
244 243
244 245
245 243
245 246
245 247
246 243
246 245
246 247
247 245
247 248
247 249
248 245
248 247
248 249
249 247
249 250
249 251
250 247
250 249
250 251
251 249
251 252
251 253
252 249
252 251
252 253
253 251
253 254
253 255
254 251
254 253
254 255
255 253
255 256
255 257
256 253
256 255
256 257
257 255
257 258
257 259
258 255
258 257
258 259
259 257
259 260
259 261
260 257
260 259
260 261
261 259
261 262
261 263
262 259
262 261
262 263
263 261
263 264
263 265
264 261
264 263
264 265
265 263
265 266
265 267
266 263
266 265
266 267
267 265
267 268
267 269
268 265
268 267
268 269
269 267
269 270
269 271
270 267
270 269
270 271
271 269
271 272
271 273
272 269
272 271
272 273
273 271
273 274
273 275
274 271
274 273
274 275
275 273
275 276
275 277
276 273
276 275
276 277
277 275
277 278
277 279
278 275
278 277
278 279
279 277
279 280
279 281
280 277
280 279
280 281
281 279
281 282
281 283
282 279
282 281
282 283
283 281
283 284
283 285
284 281
284 283
284 285
285 283
285 286
285 287
286 283
286 285
286 287
287 285
287 288
287 289
288 285
288 287
288 289
289 287
289 290
289 291
290 287
290 289
290 291
291 289
291 292
291 293
292 289
292 291
292 293
293 291
293 294
293 295
294 291
294 293
294 295
295 293
295 296
295 297
296 293
296 295
296 297
297 295
297 298
297 299
298 295
298 297
298 299
299 297
299 300
299 301
300 297
300 299
300 301
301 299
301 302
301 303
302 299
302 301
302 303
303 301
303 304
303 305
304 301
304 303
304 305
305 303
305 306
305 307
306 303
306 305
306 307
307 305
307 308
307 309
308 305
308 307
308 309
309 307
309 310
309 311
310 307
310 309
310 311
311 309
311 312
311 313
312 309
312 311
312 313
313 311
313 314
313 315
314 311
314 313
314 315
315 313
315 316
315 317
316 313
316 315
316 317
317 315
317 318
317 319
318 315
318 317
318 319
319 317
319 320
319 321
320 317
320 319
320 321
321 319
321 322
321 323
322 319
322 321
322 323
323 321
323 324
323 325
324 321
324 323
324 325
325 323
325 326
325 327
326 323
326 325
326 327
327 325
327 328
327 329
328 325
328 327
328 329
329 327
329 330
329 331
330 327
330 329
330 331
331 329
331 332
331 333
332 329
332 331
332 333
333 331
333 334
333 335
334 331
334 333
334 335
335 333
335 336
335 337
336 333
336 335
336 337
337 335
337 338
337 339
338 335
338 337
338 339
339 337
339 340
339 341
340 337
340 339
340 341
341 339
341 342
341 343
342 339
342 341
342 343
343 341
343 344
343 345
344 341
344 343
344 345
345 343
345 346
345 347
346 343
346 345
346 347
347 345
347 348
347 349
348 345
348 347
348 349
349 347
349 350
349 351
350 347
350 349
350 351
351 349
351 352
351 353
352 349
352 351
352 353
353 351
353 354
353 355
354 351
354 353
354 355
355 353
355 356
355 357
356 353
356 355
356 357
357 355
357 358
357 359
358 355
358 357
358 359
359 357
359 360
359 361
360 357
360 359
360 361
361 359
361 362
361 363
362 359
362 361
362 363
363 361
363 364
363 365
364 361
364 363
364 365
365 363
365 366
365 367
366 363
366 365
366 367
367 365
367 368
367 369
368 365
368 367
368 369
369 367
369 370
369 371
370 367
370 369
370 371
371 369
371 372
371 373
372 369
372 371
372 373
373 371
373 374
373 375
374 371
374 373
374 375
375 373
375 376
375 377
376 373
376 375
376 377
377 375
377 378
377 379
378 375
378 377
378 379
379 377
379 380
379 381
380 377
380 379
380 381
381 379
381 382
381 383
382 379
382 381
382 383
383 381
383 384
383 385
384 381
384 383
384 385
385 383
385 386
385 387
386 383
386 385
386 387
387 385
387 388
387 389
388 385
388 387
388 389
389 387
389 390
389 391
390 387
390 389
390 391
391 389
391 392
391 393
392 389
392 391
392 393
393 391
393 394
393 395
394 391
394 393
394 395
395 393
395 396
395 397
396 393
396 395
396 397
397 395
397 398
397 399
398 395
398 397
398 399
399 397
399 400
399 401
400 397
400 399
400 401
401 399
401 402
401 403
402 399
402 401
402 403
403 401
403 404
403 405
404 401
404 403
404 405
405 403
405 406
405 407
406 403
406 405
406 407
407 405
407 408
407 409
408 405
408 407
408 409
409 407
409 410
409 411
410 407
410 409
410 411
411 409
411 412
411 413
412 409
412 411
412 413
413 411
413 414
413 415
414 411
414 413
414 415
415 413
415 416
415 417
416 413
416 415
416 417
417 415
417 418
417 419
418 415
418 417
418 419
419 417
419 420
419 421
420 417
420 419
420 421
421 419
421 422
421 423
422 419
422 421
422 423
423 421
423 424
423 425
424 421
424 423
424 425
425 423
425 426
425 427
426 423
426 425
426 427
427 425
427 428
427 429
428 425
428 427
428 429
429 427
429 430
429 431
430 427
430 429
430 431
431 429
431 432
431 433
432 429
432 431
432 433
433 431
433 434
433 435
434 431
434 433
434 435
435 433
435 436
435 437
436 433
436 435
436 437
437 435
437 438
437 439
438 435
438 437
438 439
439 437
439 440
439 441
440 437
440 439
440 441
441 439
441 442
441 443
442 439
442 441
442 443
443 441
443 444
443 445
444 441
444 443
444 445
445 443
445 446
445 447
446 443
446 445
446 447
447 445
447 448
447 449
448 445
448 447
448 449
449 447
449 450
449 451
450 447
450 449
450 451
451 449
451 452
451 453
452 449
452 451
452 453
453 451
453 454
453 455
454 451
454 453
454 455
455 453
455 456
455 457
456 453
456 455
456 457
457 455
457 458
457 459
458 455
458 457
458 459
459 457
459 460
459 461
460 457
460 459
460 461
461 459
461 462
461 463
462 459
462 461
462 463
463 461
463 464
463 465
464 461
464 463
464 465
465 463
465 466
465 467
466 463
466 465
466 467
467 465
467 468
467 469
468 465
468 467
468 469
469 467
469 470
469 471
470 467
470 469
470 471
471 469
471 472
471 473
472 469
472 471
472 473
473 471
473 474
473 475
474 471
474 473
474 475
475 473
475 476
475 477
476 473
476 475
476 477
477 475
477 478
477 479
478 475
478 477
478 479
479 477
479 480
479 481
480 477
480 479
480 481
481 479
481 482
481 483
482 479
482 481
482 483
483 481
483 484
483 485
484 481
484 483
484 485
485 483
485 486
485 487
486 483
486 485
486 487
487 485
487 488
487 489
488 485
488 487
488 489
489 487
489 490
489 491
490 487
490 489
490 491
491 489
491 492
491 493
492 489
492 491
492 493
493 491
493 494
493 495
494 491
494 493
494 495
495 493
495 496
495 497
496 493
496 495
496 497
497 495
497 498
497 499
498 495
498 497
498 499
499 497
499 500
499 501
500 497
500 499
500 501
501 499
501 502
501 503
502 499
502 501
502 503
503 501
503 504
503 505
504 501
504 503
504 505
505 503
505 506
505 507
506 503
506 505
506 507
507 505
507 508
507 509
508 505
508 507
508 509
509 507
509 510
509 511
510 507
510 509
510 511
511 509
511 512
511 513
512 509
512 511
512 513
513 511
513 514
513 515
514 511
514 513
514 515
515 513
515 516
515 517
516 513
516 515
516 517
517 515
517 518
517 519
518 515
518 517
518 519
519 517
519 520
519 521
520 517
520 519
520 521
521 519
521 522
521 523
522 519
522 521
522 523
523 521
523 524
523 525
524 521
524 523
524 525
525 523
525 526
525 527
526 523
526 525
526 527
527 525
527 528
527 529
528 525
528 527
528 529
529 527
529 530
529 531
530 527
530 529
530 531
531 529
531 532
531 533
532 529
532 531
532 533
533 531
533 534
533 535
534 531
534 533
534 535
535 533
535 536
535 537
536 533
536 535
536 537
537 535
537 538
537 539
538 535
538 537
538 539
539 537
539 540
539 541
540 537
540 539
540 541
541 539
541 542
541 543
542 539
542 541
542 543
543 541
543 544
543 545
544 541
544 543
544 545
545 543
545 546
545 547
546 543
546 545
546 547
547 545
547 548
547 549
548 545
548 547
548 549
549 547
549 550
549 551
550 547
550 549
550 551
551 549
551 552
551 553
552 549
552 551
552 553
553 551
553 554
553 555
554 551
554 553
554 555
555 553
555 556
555 557
556 553
556 555
556 557
557 555
557 558
557 559
558 555
558 557
558 559
559 557
559 560
559 561
560 557
560 559
560 561
561 559
561 562
561 563
562 559
562 561
562 563
563 561
563 564
563 565
564 561
564 563
564 565
565 563
565 566
565 567
566 563
566 565
566 567
567 565
567 568
567 569
568 565
568 567
568 569
569 567
569 570
569 571
570 567
570 569
570 571
571 569
571 572
571 573
572 569
572 571
572 573
573 571
573 574
573 575
574 571
574 573
574 575
575 573
575 576
575 577
576 573
576 575
576 577
577 575
577 578
577 579
578 575
578 577
578 579
579 577
579 580
579 581
580 577
580 579
580 581
581 579
581 582
581 583
582 579
582 581
582 583
583 581
583 584
583 585
584 581
584 583
584 585
585 583
585 586
585 587
586 583
586 585
586 587
587 585
587 588
587 589
588 585
588 587
588 589
589 587
589 590
589 591
590 587
590 589
590 591
591 589
591 592
591 593
592 589
592 591
592 593
593 591
593 594
593 595
594 591
594 593
594 595
595 593
595 596
595 597
596 593
596 595
596 597
597 595
597 598
597 599
598 595
598 597
598 599
599 597
599 600
599 601
600 597
600 599
600 601
601 599
601 602
601 603
602 599
602 601
602 603
603 601
603 604
603 605
604 601
604 603
604 605
605 603
605 606
605 607
606 603
606 605
606 607
607 605
607 608
607 609
608 605
608 607
608 609
609 607
609 610
609 611
610 607
610 609
610 611
611 609
611 612
611 613
612 609
612 611
612 613
613 611
613 614
613 615
614 611
614 613
614 615
615 613
615 616
615 617
616 613
616 615
616 617
617 615
617 618
617 619
618 615
618 617
618 619
619 617
619 620
619 621
620 617
620 619
620 621
621 619
621 622
621 623
622 619
622 621
622 623
623 621
623 624
623 625
624 621
624 623
624 625
625 623
625 626
625 627
626 623
626 625
626 627
627 625
627 628
627 629
628 625
628 627
628 629
629 627
629 630
629 631
630 627
630 629
630 631
631 629
631 632
631 633
632 629
632 631
632 633
633 631
633 634
633 635
634 631
634 633
634 635
635 633
635 636
635 637
636 633
636 635
636 637
637 635
637 638
637 639
638 635
638 637
638 639
639 637
639 640
639 641
640 637
640 639
640 641
641 639
641 642
641 643
642 639
642 641
642 643
643 641
643 644
643 645
644 641
644 643
644 645
645 643
645 646
645 647
646 643
646 645
646 647
647 645
647 648
647 649
648 645
648 647
648 649
649 647
649 650
649 651
650 647
650 649
650 651
651 649
651 652
651 653
652 649
652 651
652 653
653 651
653 654
653 655
654 651
654 653
654 655
655 653
655 656
655 657
656 653
656 655
656 657
657 655
657 658
657 659
658 655
658 657
658 659
659 657
659 660
659 661
660 657
660 659
660 661
661 659
661 662
661 663
662 659
662 661
662 663
663 661
663 664
663 665
664 661
664 663
664 665
665 663
665 666
665 667
666 663
666 665
666 667
667 665
667 668
667 669
668 665
668 667
668 669
669 667
669 670
669 671
670 667
670 669
670 671
671 669
671 672
671 673
672 669
672 671
672 673
673 671
673 674
673 675
674 671
674 673
674 675
675 673
675 676
675 677
676 673
676 675
676 677
677 675
677 678
677 679
678 675
678 677
678 679
679 677
679 680
679 681
680 677
680 679
680 681
681 679
681 682
681 683
682 679
682 681
682 683
683 681
683 684
683 685
684 681
684 683
684 685
685 683
685 686
685 687
686 683
686 685
686 687
687 685
687 688
687 689
688 685
688 687
688 689
689 687
689 690
689 691
690 687
690 689
690 691
691 689
691 692
691 693
692 689
692 691
692 693
693 691
693 694
693 695
694 691
694 693
694 695
695 693
695 696
695 697
696 693
696 695
696 697
697 695
697 698
697 699
698 695
698 697
698 699
699 697
699 700
699 701
700 697
700 699
700 701
701 699
701 702
701 703
702 699
702 701
702 703
703 701
703 704
703 705
704 701
704 703
704 705
705 703
705 706
705 707
706 703
706 705
706 707
707 705
707 708
707 709
708 705
708 707
708 709
709 707
709 710
709 711
710 707
710 709
710 711
711 709
711 712
711 713
712 709
712 711
712 713
713 711
713 714
713 715
714 711
714 713
714 715
715 713
715 716
715 717
716 713
716 715
716 717
717 715
717 718
717 719
718 715
718 717
718 719
719 717
719 720
719 721
720 717
720 719
720 721
721 719
721 722
721 723
722 719
722 721
722 723
723 721
723 724
723 725
724 721
724 723
724 725
725 723
725 726
725 727
726 723
726 725
726 727
727 725
727 728
727 729
728 725
728 727
728 729
729 727
729 730
729 731
730 727
730 729
730 731
731 729
731 732
731 733
732 729
732 731
732 733
733 731
733 734
733 735
734 731
734 733
734 735
735 733
735 736
735 737
736 733
736 735
736 737
737 735
737 738
737 739
738 735
738 737
738 739
739 737
739 740
739 741
740 737
740 739
740 741
741 739
741 742
741 743
742 739
742 741
742 743
743 741
743 744
743 745
744 741
744 743
744 745
745 743
745 746
745 747
746 743
746 745
746 747
747 745
747 748
747 749
748 745
748 747
748 749
749 747
749 750
749 751
750 747
750 749
750 751
751 749
751 752
751 753
752 749
752 751
752 753
753 751
753 754
753 755
754 751
754 753
754 755
755 753
755 756
755 757
756 753
756 755
756 757
757 755
757 758
757 759
758 755
758 757
758 759
759 757
759 760
759 761
760 757
760 759
760 761
761 759
761 762
761 763
762 759
762 761
762 763
763 761
763 764
763 765
764 761
764 763
764 765
765 763
765 766
765 767
766 763
766 765
766 767
767 765
767 768
767 769
768 765
768 767
768 769
769 767
769 770
769 771
770 767
770 769
770 771
771 769
771 772
771 773
772 769
772 771
772 773
773 771
773 774
773 775
774 771
774 773
774 775
775 773
775 776
775 777
776 773
776 775
776 777
777 775
777 778
777 779
778 775
778 777
778 779
779 777
779 780
779 781
780 777
780 779
780 781
781 779
781 782
781 783
782 779
782 781
782 783
783 781
783 784
783 785
784 781
784 783
784 785
785 783
785 786
785 787
786 783
786 785
786 787
787 785
787 788
787 789
788 785
788 787
788 789
789 787
789 790
789 791
790 787
790 789
790 791
791 789
791 792
791 793
792 789
792 791
792 793
793 791
793 794
793 795
794 791
794 793
794 795
795 793
795 796
795 797
796 793
796 795
796 797
797 795
797 798
797 799
798 795
798 797
798 799
799 797
799 800
799 801
800 797
800 799
800 801
801 799
801 802
801 803
802 799
802 801
802 803
803 801
803 804
803 805
804 801
804 803
804 805
805 803
805 806
805 807
806 803
806 805
806 807
807 805
807 808
807 809
808 805
808 807
808 809
809 807
809 810
809 811
810 807
810 809
810 811
811 809
811 812
811 813
812 809
812 811
812 813
813 811
813 814
813 815
814 811
814 813
814 815
815 813
815 816
815 817
816 813
816 815
816 817
817 815
817 818
817 819
818 815
818 817
818 819
819 817
819 820
819 821
820 817
820 819
820 821
821 819
821 822
821 823
822 819
822 821
822 823
823 821
823 824
823 825
824 821
824 823
824 825
825 823
825 826
825 827
826 823
826 825
826 827
827 825
827 828
827 829
828 825
828 827
828 829
829 827
829 830
829 831
830 827
830 829
830 831
831 829
831 832
831 833
832 829
832 831
832 833
833 831
833 834
833 835
834 831
834 833
834 835
835 833
835 836
835 837
836 833
836 835
836 837
837 835
837 838
837 839
838 835
838 837
838 839
839 837
839 840
839 841
840 837
840 839
840 841
841 839
841 842
841 843
842 839
842 841
842 843
843 841
843 844
843 845
844 841
844 843
844 845
845 843
845 846
845 847
846 843
846 845
846 847
847 845
847 848
847 849
848 845
848 847
848 849
849 847
849 850
849 851
850 847
850 849
850 851
851 849
851 852
851 853
852 849
852 851
852 853
853 851
853 854
853 855
854 851
854 853
854 855
855 853
855 856
855 857
856 853
856 855
856 857
857 855
857 858
857 859
858 855
858 857
858 859
859 857
859 860
859 861
860 857
860 859
860 861
861 859
861 862
861 863
862 859
862 861
862 863
863 861
863 864
863 865
864 861
864 863
864 865
865 863
865 866
865 867
866 863
866 865
866 867
867 865
867 868
867 869
868 865
868 867
868 869
869 867
869 870
869 871
870 867
870 869
870 871
871 869
871 872
871 873
872 869
872 871
872 873
873 871
873 874
873 875
874 871
874 873
874 875
875 873
875 876
875 877
876 873
876 875
876 877
877 875
877 878
877 879
878 875
878 877
878 879
879 877
879 880
879 881
880 877
880 879
880 881
881 879
881 882
881 883
882 879
882 881
882 883
883 881
883 884
883 885
884 881
884 883
884 885
885 883
885 886
885 887
886 883
886 885
886 887
887 885
887 888
887 889
888 885
888 887
888 889
889 887
889 890
889 891
890 887
890 889
890 891
891 889
891 892
891 893
892 889
892 891
892 893
893 891
893 894
893 895
894 891
894 893
894 895
895 893
895 896
895 897
896 893
896 895
896 897
897 895
897 898
897 899
898 895
898 897
898 899
899 897
899 900
899 901
900 897
900 899
900 901
901 899
901 902
901 903
902 899
902 901
902 903
903 901
903 904
903 905
904 901
904 903
904 905
905 903
905 906
905 907
906 903
906 905
906 907
907 905
907 908
907 909
908 905
908 907
908 909
909 907
909 910
909 911
910 907
910 909
910 911
911 909
911 912
911 913
912 909
912 911
912 913
913 911
913 914
913 915
914 911
914 913
914 915
915 913
915 916
915 917
916 913
916 915
916 917
917 915
917 918
917 919
918 915
918 917
918 919
919 917
919 920
919 921
920 917
920 919
920 921
921 919
921 922
921 923
922 919
922 921
922 923
923 921
923 924
923 925
924 921
924 923
924 925
925 923
925 926
925 927
926 923
926 925
926 927
927 925
927 928
927 929
928 925
928 927
928 929
929 927
929 930
929 931
930 927
930 929
930 931
931 929
931 932
931 933
932 929
932 931
932 933
933 931
933 934
933 935
934 931
934 933
934 935
935 933
935 936
935 937
936 933
936 935
936 937
937 935
937 938
937 939
938 935
938 937
938 939
939 937
939 940
939 941
940 937
940 939
940 941
941 939
941 942
941 943
942 939
942 941
942 943
943 941
943 944
943 945
944 941
944 943
944 945
945 943
945 946
945 947
946 943
946 945
946 947
947 945
947 948
947 949
948 945
948 947
948 949
949 947
949 950
949 951
950 947
950 949
950 951
951 949
951 952
951 953
952 949
952 951
952 953
953 951
953 954
953 955
954 951
954 953
954 955
955 953
955 956
955 957
956 953
956 955
956 957
957 955
957 958
957 959
958 955
958 957
958 959
959 957
959 960
959 961
960 957
960 959
960 961
961 959
961 962
961 963
962 959
962 961
962 963
963 961
963 964
963 965
964 961
964 963
964 965
965 963
965 966
965 967
966 963
966 965
966 967
967 965
967 968
967 969
968 965
968 967
968 969
969 967
969 970
969 971
970 967
970 969
970 971
971 969
971 972
971 973
972 969
972 971
972 973
973 971
973 974
973 975
974 971
974 973
974 975
975 973
975 976
975 977
976 973
976 975
976 977
977 975
977 978
977 979
978 975
978 977
978 979
979 977
979 980
979 981
980 977
980 979
980 981
981 979
981 982
981 983
982 979
982 981
982 983
983 981
983 984
983 985
984 981
984 983
984 985
985 983
985 986
985 987
986 983
986 985
986 987
987 985
987 988
987 989
988 985
988 987
988 989
989 987
989 990
989 991
990 987
990 989
990 991
991 989
991 992
991 993
992 989
992 991
992 993
993 991
993 994
993 995
994 991
994 993
994 995
995 993
995 996
995 997
996 993
996 995
996 997
997 995
997 998
997 999
998 995
998 997
998 999
999 997
999 1000
1000 997
1000 999
