1 709
1 711
1 712
2 136
2 137
2 140
3 363
3 365
3 366
4 155
4 162
4 163
4 170
4 177
4 813
5 186
5 192
5 193
5 194
5 203
6 318
6 322
6 323
6 878
6 882
7 234
7 237
7 254
7 309
8 300
8 305
8 310
8 437
8 438
8 439
9 455
9 458
9 459
9 469
9 470
9 477
10 210
10 216
10 217
10 227
10 1185
11 283
11 289
11 290
11 299
11 447
12 445
12 448
12 561
12 575
13 264
13 265
13 268
13 343
14 332
14 336
14 337
14 344
14 770
15 581
15 585
15 586
15 594
15 783
16 631
16 636
17 356
17 359
17 689
17 690
17 742
18 372
18 373
18 376
18 377
18 891
19 661
19 665
19 671
19 672
19 697
20 498
20 501
20 805
20 806
21 394
21 396
21 402
21 725
21 727
22 388
22 390
22 391
22 397
23 135
23 139
23 145
23 146
23 147
24 824
24 827
24 832
24 833
24 834
25 168
25 169
25 825
25 828
25 1352
26 200
26 201
26 202
26 814
26 1353
27 475
27 478
27 489
27 518
28 225
28 226
28 511
28 513
28 519
28 1354
29 1077
29 1080
29 1084
29 1085
29 1186
30 296
30 298
30 1078
30 1081
31 566
31 568
31 569
31 570
31 576
32 607
32 610
32 611
32 612
32 621
33 619
33 622
33 922
33 923
34 936
34 938
34 1189
34 1191
35 656
35 657
35 928
35 931
35 939
35 1356
36 642
36 648
36 649
36 658
36 972
37 262
37 267
37 276
37 277
37 973
38 591
38 593
38 768
38 771
39 780
39 781
39 784
39 792
39 906
40 896
40 899
40 900
40 907
40 944
41 633
41 635
41 910
41 942
41 945
42 730
42 732
42 735
42 883
42 885
43 678
43 680
43 681
43 733
43 737
44 349
44 355
44 668
44 670
44 738
45 740
45 743
45 750
45 751
45 754
46 121
46 125
46 755
46 758
46 762
47 232
47 236
47 244
47 763
47 765
48 702
48 707
48 708
48 818
49 815
49 817
49 822
49 889
49 892
50 423
50 424
50 425
50 676
50 1355
51 663
51 666
51 673
51 675
51 682
52 348
52 352
52 361
52 686
52 696
53 683
53 685
53 692
53 693
53 748
54 116
54 119
54 745
54 747
54 752
55 239
55 242
55 251
55 873
55 874
55 1103
56 1029
56 1031
56 1146
56 1148
56 1317
57 866
57 867
57 1224
57 1225
57 1357
58 495
58 500
58 509
58 510
58 632
59 965
59 966
59 989
59 990
59 993
59 1006
59 1274
60 157
60 158
60 159
60 165
60 166
60 399
60 852
61 384
61 386
61 392
61 393
61 406
61 720
61 721
61 829
61 831
62 174
62 179
62 811
62 819
62 821
62 839
62 844
63 143
63 144
63 368
63 369
63 715
63 717
63 718
63 723
64 701
64 704
64 705
64 713
64 714
64 728
64 729
64 842
64 843
64 853
65 245
65 249
65 256
65 307
65 434
65 435
65 1028
66 757
66 760
66 761
66 766
66 767
66 875
66 876
66 1022
67 414
67 415
67 420
67 421
67 877
67 880
67 881
67 886
68 315
68 317
68 325
68 326
68 327
68 328
68 370
68 375
68 381
69 333
69 339
69 340
69 341
69 777
69 778
69 1042
69 1045
70 286
70 293
70 294
70 556
70 557
70 558
70 1207
71 503
71 506
71 507
71 803
71 909
71 1055
71 1056
71 1112
72 1115
72 1118
72 1119
72 1124
72 1125
72 1157
72 1158
72 1168
72 1169
72 1183
73 543
73 544
73 545
73 546
73 547
73 1163
73 1309
74 1011
74 1015
74 1016
74 1069
74 1071
74 1072
74 1172
75 189
75 190
75 198
75 199
75 378
75 379
75 380
75 838
75 1039
76 582
76 587
76 588
76 589
76 590
76 775
76 776
77 273
77 274
77 1041
77 1044
77 1050
77 1051
77 1194
77 1196
77 1200
78 551
78 554
78 555
78 565
78 572
78 573
78 601
78 602
79 412
79 417
79 418
79 419
79 426
80 113
80 118
80 128
80 1019
80 1021
81 1024
81 1026
81 1027
81 1032
81 1102
82 797
82 801
82 808
82 809
82 859
82 864
82 865
82 1004
83 955
83 956
83 962
83 963
83 1013
83 1014
83 1243
83 1287
84 452
84 454
84 461
84 462
84 1154
84 1156
84 1260
85 1122
85 1123
85 1139
85 1143
85 1144
85 1153
85 1219
85 1223
86 466
86 472
86 473
86 485
86 486
86 1130
86 1167
87 1064
87 1067
87 1068
87 1106
87 1110
87 1234
88 988
88 992
88 999
88 1127
88 1129
88 1132
88 1178
88 1182
89 532
89 533
89 538
89 539
89 540
89 541
89 542
89 1269
90 644
90 645
90 646
90 652
90 653
90 1134
90 1197
90 1198
91 1082
91 1083
91 1208
91 1209
91 1215
91 1216
91 1293
91 1295
91 1300
92 858
92 862
92 863
92 869
92 994
92 997
92 1116
92 1120
93 788
93 789
93 795
93 902
93 903
93 904
93 1057
93 1058
93 1233
94 1000
94 1002
94 1003
94 1009
94 1010
94 1105
94 1108
94 1109
94 1113
94 1173
95 929
95 933
95 934
95 935
95 1245
95 1284
95 1285
96 480
96 483
96 484
96 490
96 515
96 516
96 1162
96 1311
97 428
97 432
97 433
97 442
97 443
97 1137
97 1141
97 1142
97 1149
97 1261
98 1047
98 1048
98 1049
98 1062
98 1066
98 1073
98 1074
98 1201
98 1203
99 953
99 959
99 960
99 968
99 969
99 1088
99 1089
99 1094
99 1177
100 1087
100 1092
100 1093
100 1096
100 1270
100 1271
100 1321
101 625
101 627
101 918
101 919
101 920
101 1253
101 1256
101 1348
102 978
102 983
102 984
102 1212
102 1213
102 1214
102 1301
102 1306
103 212
103 213
103 220
103 221
103 1296
103 1297
103 1298
104 1218
104 1221
104 1222
104 1226
104 1316
105 1280
105 1282
105 1283
105 1288
105 1289
105 1322
105 1323
105 1326
105 1342
106 530
106 536
106 537
106 548
106 549
106 1303
106 1304
106 1305
106 1312
107 976
107 980
107 981
107 982
107 986
107 1251
107 1255
107 1335
108 912
108 916
108 917
108 925
108 926
108 1192
108 1193
108 1292
108 1341
109 599
109 600
109 615
109 616
109 1331
109 1333
109 1334
109 1337
109 1349
110 113
110 116
110 117
110 121
110 122
110 750
110 753
110 756
111 113
111 116
111 117
111 118
111 119
112 113
112 121
112 122
112 125
112 128
112 760
112 1099
112 1100
113 117
113 118
113 122
113 128
114 689
114 692
114 740
114 741
114 744
114 745
114 746
114 749
115 116
115 740
115 745
115 749
115 750
115 751
115 752
115 756
116 117
116 119
116 752
116 756
120 121
120 750
120 753
120 754
120 755
121 122
121 125
121 753
121 755
123 757
123 758
123 759
123 763
123 764
124 125
124 757
124 758
124 759
124 760
124 761
124 762
124 1100
125 762
125 1100
126 873
126 875
126 1018
126 1019
126 1020
127 128
127 760
127 875
127 1019
127 1020
127 1021
127 1022
127 1099
128 1021
128 1099
129 136
129 143
129 362
129 363
129 364
130 135
130 136
130 137
130 138
130 143
130 144
130 148
130 362
131 135
131 137
131 138
131 139
131 140
132 145
132 390
132 392
132 403
132 404
133 145
133 146
133 392
133 404
133 406
133 715
133 716
133 722
134 135
134 144
134 146
134 147
134 148
134 715
134 722
134 723
135 138
135 139
135 147
135 148
136 137
136 362
137 138
137 140
141 365
141 368
141 832
141 846
141 847
142 143
142 363
142 364
142 365
142 366
142 368
142 369
142 846
143 144
143 362
143 364
143 369
144 148
144 723
145 146
145 404
146 147
146 722
149 157
149 384
149 385
149 388
149 389
149 394
149 395
149 398
150 157
150 158
150 168
150 384
150 385
150 386
150 835
150 836
151 155
151 158
151 159
151 160
151 168
151 169
151 171
151 835
152 162
152 165
152 174
152 175
152 180
152 842
152 854
152 855
153 155
153 159
153 160
153 162
153 163
153 165
153 166
153 180
154 155
154 169
154 170
154 171
154 1352
155 160
155 163
155 170
155 171
156 157
156 394
156 398
156 399
156 402
156 728
156 850
156 851
157 158
157 385
157 398
157 399
158 159
158 835
159 160
159 166
161 162
161 174
161 175
161 177
161 179
161 200
161 810
161 812
162 163
162 175
162 177
162 180
164 165
164 399
164 728
164 842
164 851
164 852
164 853
164 854
165 166
165 180
165 852
165 854
167 168
167 386
167 824
167 825
167 826
167 829
167 830
167 836
168 169
168 825
168 835
168 836
169 171
169 1352
172 704
172 707
172 815
172 816
172 819
172 820
172 841
172 845
173 174
173 704
173 819
173 841
173 842
173 843
173 844
173 855
174 175
174 179
174 844
174 855
176 177
176 200
176 812
176 813
176 814
177 812
177 813
178 179
178 189
178 200
178 201
178 810
178 811
178 837
178 840
179 810
179 811
181 186
181 189
181 190
181 191
181 201
181 202
181 204
181 840
182 192
182 315
182 316
182 318
182 319
183 192
183 193
183 198
183 315
183 316
183 317
183 1037
183 1038
184 186
184 190
184 191
184 193
184 194
184 198
184 199
184 1037
185 186
185 202
185 203
185 204
185 1353
186 191
186 194
186 203
186 204
187 378
187 815
187 819
187 820
187 821
187 822
187 1035
187 1036
188 189
188 378
188 811
188 821
188 837
188 838
188 839
188 1036
189 190
189 837
189 838
189 840
190 191
190 199
192 193
192 316
193 194
193 1037
195 372
195 378
195 379
195 822
195 889
195 890
195 893
195 1035
196 370
196 372
196 373
196 374
196 379
196 380
196 382
196 893
197 198
197 317
197 370
197 380
197 381
197 382
197 1038
197 1039
198 199
198 1037
198 1038
198 1039
200 201
200 810
200 812
200 814
201 202
201 840
202 204
202 1353
205 212
205 225
205 515
205 604
205 605
205 1303
205 1329
205 1330
206 210
206 212
206 213
206 214
206 225
206 226
206 228
206 604
207 216
207 220
207 1084
207 1184
207 1187
207 1293
207 1294
207 1299
208 210
208 213
208 214
208 216
208 217
208 220
208 221
208 1187
209 210
209 226
209 227
209 228
209 1354
210 214
210 217
210 227
210 228
211 212
211 1212
211 1296
211 1303
211 1304
211 1327
211 1328
211 1330
212 213
212 604
212 1296
212 1330
213 214
213 221
215 216
215 1084
215 1184
215 1185
215 1186
216 217
216 1184
216 1185
216 1187
218 1212
218 1213
218 1215
218 1296
218 1297
218 1313
218 1314
218 1328
219 220
219 1215
219 1293
219 1294
219 1295
219 1297
219 1298
219 1314
220 221
220 1187
220 1294
220 1298
222 469
222 472
222 475
222 476
222 479
222 480
222 481
222 487
223 475
223 480
223 487
223 489
223 490
223 511
223 512
223 517
224 225
224 490
224 511
224 512
224 513
224 515
224 516
224 605
225 226
225 513
225 604
225 605
226 228
226 1354
229 232
229 234
229 235
229 239
229 240
229 245
229 246
229 252
230 232
230 234
230 235
230 236
230 237
231 232
231 239
231 240
231 242
231 244
231 766
231 871
231 872
232 235
232 236
232 240
232 244
233 234
233 245
233 252
233 254
233 256
233 300
233 301
233 308
234 235
234 237
234 252
234 254
238 239
238 245
238 246
238 249
238 251
238 1026
238 1101
238 1104
239 240
239 242
239 246
239 251
241 242
241 766
241 872
241 873
241 874
241 875
241 876
241 1018
242 872
242 874
243 244
243 757
243 763
243 764
243 765
243 766
243 767
243 871
244 765
244 871
245 246
245 249
245 252
245 256
247 432
247 434
247 1024
247 1025
247 1029
247 1030
247 1159
247 1160
248 249
248 434
248 1024
248 1025
248 1026
248 1027
248 1028
248 1104
249 1028
249 1104
250 251
250 1026
250 1101
250 1102
250 1103
251 1101
251 1103
253 254
253 300
253 308
253 309
253 310
254 308
254 309
255 256
255 300
255 301
255 305
255 307
255 428
255 429
255 436
256 301
256 307
257 264
257 273
257 332
257 333
257 334
257 342
257 1059
257 1060
258 262
258 264
258 265
258 266
258 273
258 274
258 278
258 1059
259 262
259 265
259 266
259 267
259 268
260 276
260 648
260 652
260 971
260 974
260 1194
260 1195
260 1199
261 262
261 274
261 276
261 277
261 278
261 1194
261 1199
261 1200
262 266
262 267
262 277
262 278
263 264
263 332
263 342
263 343
263 344
264 265
264 342
264 343
264 1059
265 266
265 268
269 587
269 788
269 1047
269 1067
269 1232
269 1235
269 1264
269 1265
270 587
270 775
270 777
270 1047
270 1048
270 1174
270 1175
270 1264
271 777
271 1041
271 1042
271 1043
271 1048
271 1049
271 1052
271 1175
272 273
272 333
272 1041
272 1042
272 1043
272 1044
272 1045
272 1060
273 274
273 1044
273 1059
273 1060
274 278
274 1200
275 276
275 648
275 971
275 972
275 973
276 277
276 971
276 973
276 1199
279 283
279 286
279 287
279 296
279 297
279 1082
279 1205
279 1206
280 289
280 293
280 445
280 446
280 449
280 551
280 552
280 559
281 283
281 286
281 287
281 289
281 290
281 293
281 294
281 449
282 283
282 296
282 297
282 298
282 299
283 287
283 290
283 297
283 299
284 556
284 976
284 978
284 979
284 985
284 1208
284 1210
284 1211
285 286
285 556
285 1082
285 1206
285 1207
285 1208
285 1209
285 1210
286 287
286 294
286 1206
286 1207
288 289
288 445
288 446
288 447
288 448
289 290
289 446
289 447
289 449
291 554
291 556
291 557
291 976
291 985
291 986
291 1249
291 1252
292 293
292 551
292 552
292 554
292 555
292 557
292 558
292 1252
293 294
293 449
293 552
293 558
295 296
295 1077
295 1078
295 1079
295 1082
295 1083
295 1086
295 1205
296 297
296 298
296 1078
296 1205
300 301
300 305
300 308
300 310
302 437
302 452
302 453
302 455
302 456
303 437
303 438
303 442
303 452
303 453
303 454
303 1258
303 1259
304 305
304 428
304 436
304 438
304 439
304 442
304 443
304 1258
305 436
305 439
306 307
306 428
306 429
306 432
306 433
306 434
306 435
306 1160
307 429
307 435
311 325
311 376
311 417
311 1097
311 1098
312 325
312 326
312 417
312 418
312 420
312 1033
312 1034
312 1097
313 322
313 326
313 327
313 420
313 880
313 894
313 895
313 1034
314 315
314 318
314 319
314 322
314 323
314 327
314 328
314 895
315 316
315 317
315 319
315 328
317 381
317 1038
318 319
318 323
320 877
320 878
320 879
320 883
320 884
321 322
321 877
321 878
321 879
321 880
321 881
321 882
321 894
322 323
322 882
322 894
322 895
324 325
324 370
324 373
324 374
324 375
324 376
324 377
324 1098
325 326
325 375
325 1097
325 1098
326 327
326 1034
327 328
327 895
329 339
329 581
329 582
329 583
329 591
329 592
329 773
329 774
330 336
330 339
330 340
330 591
330 768
330 769
330 772
330 773
331 332
331 333
331 334
331 336
331 337
331 340
331 341
331 772
332 334
332 337
332 342
332 344
333 334
333 341
333 1045
333 1060
335 336
335 768
335 769
335 770
335 771
336 337
336 769
336 770
336 772
338 339
338 582
338 774
338 775
338 776
338 777
338 778
338 1174
339 340
339 773
339 774
339 778
340 341
340 772
345 348
345 349
345 350
345 356
345 357
346 348
346 349
346 350
346 352
346 355
346 671
346 694
346 695
347 348
347 356
347 357
347 359
347 361
347 683
347 684
347 687
348 350
348 352
348 357
348 361
349 350
349 355
351 352
351 671
351 695
351 696
351 697
352 695
352 696
353 661
353 663
353 664
353 668
353 669
353 680
353 736
353 739
354 355
354 661
354 668
354 669
354 670
354 671
354 672
354 694
355 670
355 694
356 357
356 359
358 359
358 683
358 687
358 689
358 690
358 692
358 693
358 744
359 687
359 690
360 361
360 683
360 684
360 685
360 686
361 684
361 686
363 364
363 366
365 366
365 846
367 368
367 717
367 720
367 832
367 833
367 847
367 848
367 849
368 369
368 717
368 846
368 847
370 374
370 375
370 381
370 382
371 372
371 889
371 890
371 891
371 892
372 373
372 890
372 891
372 893
373 374
373 377
376 377
376 1098
378 379
378 838
378 1035
378 1036
379 380
379 893
380 382
380 1039
383 384
383 388
383 389
383 390
383 391
383 392
383 393
383 403
384 385
384 386
384 389
384 393
386 829
386 836
387 388
387 394
387 395
387 396
387 397
388 389
388 391
388 395
388 397
390 391
390 403
392 393
392 403
392 404
392 406
394 395
394 396
394 398
394 402
399 851
399 852
400 711
400 713
400 724
400 725
400 726
401 402
401 713
401 725
401 726
401 727
401 728
401 729
401 850
402 727
402 850
405 406
405 715
405 716
405 717
405 718
405 720
405 721
405 848
406 716
406 721
407 423
407 673
407 674
407 678
407 679
407 730
407 731
407 734
408 414
408 423
408 424
408 730
408 734
408 735
408 887
408 888
409 412
409 414
409 415
409 416
409 424
409 425
409 427
409 888
410 412
410 415
410 416
410 418
410 419
410 420
410 421
410 1033
411 412
411 425
411 426
411 427
411 1355
412 416
412 419
412 426
412 427
413 414
413 735
413 877
413 883
413 884
413 885
413 886
413 887
414 415
414 886
414 887
414 888
415 416
415 421
417 418
417 1097
418 419
418 1033
420 421
420 880
420 1033
420 1034
422 423
422 673
422 674
422 675
422 676
423 424
423 674
423 676
423 734
424 425
424 888
425 427
425 1355
428 429
428 433
428 436
428 443
430 1137
430 1139
430 1140
430 1146
430 1147
430 1221
430 1315
430 1318
431 432
431 1029
431 1137
431 1146
431 1147
431 1148
431 1149
431 1159
432 433
432 1149
432 1159
432 1160
434 435
434 1025
434 1028
434 1160
437 438
437 453
438 439
438 1258
440 1124
440 1141
440 1143
440 1152
440 1154
440 1155
440 1262
440 1263
441 442
441 454
441 1141
441 1154
441 1259
441 1260
441 1261
441 1262
442 443
442 1258
442 1259
442 1261
444 445
444 551
444 559
444 561
444 565
444 566
444 567
444 574
445 446
445 448
445 559
445 561
450 458
450 461
450 466
450 467
450 474
450 1157
450 1165
450 1166
451 452
451 455
451 456
451 458
451 459
451 461
451 462
451 474
452 453
452 454
452 456
452 462
454 1259
454 1260
455 456
455 459
457 458
457 466
457 467
457 469
457 470
457 472
457 473
457 479
458 459
458 467
458 470
458 474
460 461
460 1124
460 1154
460 1155
460 1156
460 1157
460 1158
460 1165
461 462
461 474
461 1156
461 1165
463 483
463 485
463 543
463 1127
463 1128
463 1131
463 1161
463 1164
464 485
464 1127
464 1128
464 1129
464 1130
464 1168
464 1180
464 1181
465 466
465 1130
465 1157
465 1166
465 1167
465 1168
465 1169
465 1180
466 467
466 473
466 1166
466 1167
468 469
468 475
468 476
468 477
468 478
469 470
469 476
469 477
469 479
471 472
471 480
471 481
471 483
471 484
471 485
471 486
471 1164
472 473
472 479
472 481
472 486
475 476
475 478
475 487
475 489
480 481
480 484
480 487
480 490
482 483
482 543
482 548
482 1161
482 1162
482 1163
482 1308
482 1310
483 484
483 1161
483 1162
483 1164
485 486
485 1128
485 1130
485 1164
488 489
488 511
488 517
488 518
488 519
489 517
489 518
490 512
490 516
491 495
491 498
491 499
491 503
491 504
491 797
491 798
491 804
492 495
492 498
492 499
492 500
492 501
493 506
493 509
493 630
493 633
493 634
493 908
493 911
494 495
494 503
494 504
494 506
494 507
494 509
494 510
494 911
495 499
495 500
495 504
495 510
496 805
496 808
496 866
496 940
496 941
497 498
497 797
497 804
497 805
497 806
497 808
497 809
497 940
498 499
498 501
498 804
498 806
502 503
502 797
502 798
502 801
502 803
502 1002
502 1238
502 1239
503 504
503 507
503 798
503 803
505 506
505 633
505 902
505 908
505 909
505 910
505 1053
505 1054
506 507
506 908
506 909
506 911
508 630
508 631
508 632
509 510
509 630
509 632
509 911
511 512
511 513
511 517
511 519
514 515
514 548
514 1162
514 1303
514 1310
514 1311
514 1312
514 1329
515 516
515 605
515 1311
515 1329
520 543
520 544
520 1088
520 1127
520 1131
520 1132
520 1176
520 1179
521 544
521 545
521 1087
521 1088
521 1089
521 1090
521 1095
521 1179
522 532
522 545
522 546
522 1087
522 1095
522 1096
522 1268
522 1272
523 530
523 532
523 533
523 534
523 546
523 547
523 550
523 1272
524 538
524 918
524 1270
524 1276
524 1277
524 1322
524 1324
524 1325
525 538
525 539
525 918
525 980
525 1253
525 1254
525 1257
525 1276
526 539
526 540
526 980
526 981
526 983
526 1257
526 1338
526 1339
527 536
527 540
527 541
527 983
527 1301
527 1302
527 1307
527 1339
528 530
528 533
528 534
528 536
528 537
528 541
528 542
528 1307
529 530
529 547
529 548
529 549
529 550
529 1163
529 1308
529 1309
530 534
530 537
530 549
530 550
531 532
531 538
531 1096
531 1268
531 1269
531 1270
531 1271
531 1277
532 533
532 1268
532 1269
532 1272
533 534
533 542
535 536
535 1212
535 1301
535 1302
535 1304
535 1305
535 1306
535 1327
536 537
536 1302
536 1305
536 1307
538 539
538 1269
538 1276
538 1277
539 540
539 1257
540 541
540 1339
541 542
541 1307
543 544
543 1131
543 1161
543 1163
544 545
544 1179
545 546
545 1095
546 547
546 1272
547 550
547 1309
548 549
548 1308
548 1310
548 1312
551 552
551 555
551 559
551 565
553 554
553 601
553 986
553 1249
553 1251
553 1331
553 1332
553 1336
554 555
554 601
554 1249
554 1252
556 557
556 985
556 1207
556 1210
557 558
557 1252
560 561
560 566
560 574
560 575
560 576
561 574
561 575
562 568
562 599
562 606
562 607
562 608
563 568
563 569
563 572
563 595
563 599
563 600
563 603
563 606
564 565
564 566
564 567
564 569
564 570
564 572
564 573
564 595
565 567
565 573
566 567
566 570
566 574
566 576
568 569
568 606
569 570
569 595
571 572
571 600
571 601
571 602
571 603
571 1331
571 1336
571 1337
572 573
572 595
572 602
572 603
577 587
577 588
577 780
577 788
577 789
577 790
577 796
577 1235
578 585
578 588
578 589
578 780
578 781
578 782
578 785
578 796
579 581
579 582
579 583
579 585
579 586
579 589
579 590
579 785
580 581
580 591
580 592
580 593
580 594
581 583
581 586
581 592
581 594
582 583
582 590
582 774
582 776
584 585
584 781
584 782
584 783
584 784
585 586
585 782
585 783
585 785
587 588
587 775
587 1235
587 1264
588 589
588 796
589 590
589 785
591 592
591 593
591 768
591 773
596 610
596 619
596 620
596 625
596 626
596 912
596 913
596 921
597 610
597 611
597 615
597 625
597 626
597 627
597 1346
597 1347
598 599
598 607
598 608
598 611
598 612
598 615
598 616
598 1346
599 600
599 606
599 608
599 616
600 603
600 1337
601 602
601 1336
607 608
607 612
609 610
609 619
609 620
609 621
609 622
610 611
610 620
610 621
610 626
611 612
611 1346
613 980
613 1253
613 1254
613 1255
613 1256
613 1333
613 1350
613 1351
614 615
614 627
614 1256
614 1333
614 1347
614 1348
614 1349
614 1350
615 616
615 1346
615 1347
615 1349
617 922
617 925
617 1188
617 1189
617 1190
618 619
618 912
618 921
618 922
618 923
618 925
618 926
618 1188
619 620
619 622
619 921
619 923
623 916
623 918
623 919
623 1322
623 1325
623 1326
623 1340
623 1343
624 625
624 912
624 913
624 916
624 917
624 919
624 920
624 1343
625 626
625 627
625 913
625 920
627 1347
627 1348
628 634
628 635
628 636
629 630
629 631
629 634
629 636
633 634
633 635
633 908
633 910
637 644
637 933
637 1013
637 1015
637 1133
637 1135
637 1242
637 1246
638 644
638 645
638 656
638 933
638 934
638 1135
638 1247
638 1248
639 642
639 645
639 646
639 647
639 656
639 657
639 659
639 1247
640 642
640 646
640 647
640 648
640 649
640 652
640 653
640 974
641 642
641 657
641 658
641 659
641 1356
642 647
642 649
642 658
642 659
643 644
643 1015
643 1071
643 1073
643 1133
643 1134
643 1266
643 1267
644 645
644 1133
644 1134
644 1135
645 646
645 1247
646 647
646 653
648 649
648 971
648 972
648 974
650 1050
650 1073
650 1134
650 1197
650 1201
650 1202
650 1204
650 1267
651 652
651 1050
651 1194
651 1195
651 1196
651 1197
651 1198
651 1204
652 653
652 974
652 1195
652 1198
654 928
654 929
654 930
654 936
654 937
654 1192
654 1290
654 1291
655 656
655 928
655 929
655 930
655 931
655 934
655 935
655 1248
656 657
656 931
656 1247
656 1248
657 659
657 1356
660 661
660 663
660 664
660 665
660 666
661 664
661 665
661 669
661 672
662 663
662 673
662 678
662 679
662 680
662 681
662 682
662 739
663 664
663 666
663 682
663 739
667 668
667 680
667 736
667 737
667 738
668 669
668 670
668 736
668 738
671 672
671 694
671 695
671 697
673 674
673 675
673 679
673 682
677 678
677 730
677 731
677 732
677 733
678 679
678 681
678 731
678 733
680 681
680 736
680 737
680 739
683 684
683 685
683 687
683 693
688 689
688 740
688 741
688 742
688 743
689 690
689 741
689 742
689 744
691 692
691 745
691 746
691 747
691 748
692 693
692 744
692 746
692 748
698 701
698 702
698 703
698 709
698 710
699 701
699 702
699 703
699 704
699 705
699 707
699 708
699 845
700 701
700 709
700 710
700 711
700 712
700 713
700 714
700 724
701 703
701 705
701 710
701 714
702 703
702 708
704 705
704 841
704 843
704 845
706 707
706 815
706 816
706 817
706 818
707 708
707 816
707 818
707 845
709 710
709 712
711 712
711 724
713 714
713 724
713 726
713 729
715 716
715 718
715 722
715 723
717 718
717 848
719 720
719 824
719 829
719 830
719 831
719 833
719 834
719 849
720 721
720 831
720 848
720 849
725 726
725 727
728 729
728 850
728 851
728 853
730 731
730 732
730 734
730 735
735 885
735 887
740 741
740 743
740 749
740 751
745 746
745 747
745 749
745 752
750 751
750 753
750 754
750 756
757 759
757 761
757 764
757 767
758 759
758 762
760 761
760 1022
760 1099
760 1100
763 764
763 765
766 767
766 871
766 872
766 876
768 769
768 771
775 776
775 1174
777 778
777 1042
777 1174
777 1175
779 780
779 789
779 790
779 792
779 795
779 896
779 897
779 905
780 781
780 790
780 792
780 796
781 782
781 784
786 1055
786 1057
786 1105
786 1106
786 1107
786 1111
786 1236
786 1237
787 788
787 1057
787 1067
787 1106
787 1232
787 1233
787 1234
787 1237
788 789
788 1232
788 1233
788 1235
789 790
789 795
791 792
791 896
791 905
791 906
791 907
792 905
792 906
793 899
793 902
793 903
793 910
793 942
793 943
793 946
793 1053
794 795
794 896
794 897
794 899
794 900
794 903
794 904
794 946
795 897
795 904
797 798
797 801
797 804
797 809
799 862
799 864
799 989
799 1000
799 1001
799 1005
799 1150
799 1151
800 801
800 864
800 1000
800 1001
800 1002
800 1003
800 1004
800 1239
801 1004
801 1239
802 803
802 1002
802 1055
802 1105
802 1111
802 1112
802 1113
802 1238
803 1112
803 1238
805 806
805 940
807 808
807 858
807 859
807 860
807 866
807 867
807 870
807 941
808 809
808 859
808 940
808 941
811 837
811 839
815 816
815 817
815 820
815 822
819 820
819 821
819 841
819 844
821 839
821 1036
822 889
822 1035
823 824
823 825
823 826
823 827
823 828
824 826
824 827
824 830
824 834
825 826
825 828
829 830
829 831
832 833
832 847
833 834
833 849
842 843
842 853
842 854
842 855
856 858
856 859
856 860
856 862
856 863
856 864
856 865
856 1151
857 858
857 867
857 869
857 870
857 1122
857 1224
857 1228
857 1229
858 860
858 863
858 869
858 870
859 860
859 865
861 862
861 988
861 989
861 990
861 991
861 994
861 995
861 1150
862 863
862 994
862 1150
862 1151
864 865
864 1001
864 1004
864 1151
866 867
866 941
867 870
867 1224
868 869
868 1115
868 1116
868 1117
868 1122
868 1123
868 1126
868 1228
869 1116
869 1228
873 874
873 1018
875 876
875 1018
875 1020
875 1022
877 879
877 881
877 884
877 886
878 879
878 882
880 881
880 894
883 884
883 885
889 890
889 892
896 897
896 900
896 905
896 907
898 899
898 942
898 943
898 944
898 945
899 900
899 943
899 944
899 946
901 902
901 909
901 1054
901 1055
901 1056
901 1057
901 1058
901 1236
902 903
902 1053
902 1054
902 1058
903 904
903 946
909 1054
909 1056
910 942
910 1053
912 913
912 917
912 921
912 926
914 929
914 1192
914 1282
914 1284
914 1291
914 1292
914 1344
914 1345
915 916
915 1282
915 1292
915 1326
915 1340
915 1341
915 1342
915 1344
916 917
916 1340
916 1341
916 1343
918 919
918 1253
918 1276
918 1325
919 920
919 1343
922 923
922 1188
924 925
924 936
924 1189
924 1190
924 1191
924 1192
924 1193
924 1290
925 926
925 1188
925 1190
925 1193
927 928
927 936
927 937
927 938
927 939
928 930
928 931
928 937
928 939
929 930
929 935
929 1284
929 1291
932 933
932 1013
932 1242
932 1243
932 1245
932 1280
932 1281
932 1286
933 934
933 1135
933 1242
933 1245
934 935
934 1248
936 937
936 938
936 1191
936 1290
942 943
942 945
947 955
947 965
947 1009
947 1011
947 1012
947 1017
947 1170
947 1171
948 953
948 955
948 956
948 957
948 965
948 966
948 970
948 1017
949 959
949 962
949 1092
949 1278
949 1279
949 1288
949 1319
949 1320
950 953
950 956
950 957
950 959
950 960
950 962
950 963
950 1279
951 968
951 988
951 990
951 991
951 992
951 993
951 1273
951 1275
952 953
952 966
952 968
952 969
952 970
952 993
952 1273
952 1274
953 957
953 960
953 969
953 970
954 955
954 1011
954 1012
954 1013
954 1014
954 1015
954 1016
954 1246
955 956
955 1012
955 1014
955 1017
956 957
956 963
958 959
958 1087
958 1089
958 1090
958 1092
958 1093
958 1094
958 1278
959 960
959 1094
959 1278
959 1279
961 962
961 1243
961 1280
961 1286
961 1287
961 1288
961 1289
961 1319
962 963
962 1279
962 1287
962 1319
964 965
964 989
964 1000
964 1005
964 1006
964 1009
964 1010
964 1170
965 966
965 1006
965 1017
965 1170
966 970
966 1274
967 968
967 992
967 1088
967 1132
967 1176
967 1177
967 1178
967 1275
968 969
968 1177
968 1273
968 1275
975 976
975 978
975 979
975 981
975 982
975 983
975 984
975 1338
976 979
976 982
976 985
976 986
977 978
977 1208
977 1211
977 1213
977 1214
977 1215
977 1216
977 1313
978 979
978 984
978 1211
978 1214
980 981
980 1254
980 1255
980 1257
981 982
981 1338
983 984
983 1301
983 1338
983 1339
986 1249
986 1251
987 988
987 994
987 995
987 997
987 999
987 1118
987 1230
987 1231
988 991
988 992
988 995
988 999
989 990
989 1005
989 1006
989 1150
990 991
990 993
992 1178
992 1275
993 1273
993 1274
994 995
994 997
996 997
996 1115
996 1116
996 1117
996 1118
996 1119
996 1120
996 1231
997 1120
997 1231
998 999
998 1118
998 1129
998 1168
998 1181
998 1182
998 1183
998 1230
999 1182
999 1230
1000 1001
1000 1003
1000 1005
1000 1010
1002 1003
1002 1113
1002 1238
1002 1239
1007 1062
1007 1064
1007 1065
1007 1069
1007 1070
1007 1108
1007 1240
1007 1241
1008 1009
1008 1011
1008 1069
1008 1108
1008 1171
1008 1172
1008 1173
1008 1240
1009 1010
1009 1170
1009 1171
1009 1173
1011 1012
1011 1016
1011 1171
1011 1172
1013 1014
1013 1242
1013 1243
1013 1246
1015 1016
1015 1071
1015 1133
1015 1246
1019 1020
1019 1021
1023 1024
1023 1029
1023 1030
1023 1031
1023 1032
1024 1025
1024 1027
1024 1030
1024 1032
1026 1027
1026 1101
1026 1102
1026 1104
1029 1030
1029 1031
1029 1148
1029 1159
1040 1041
1040 1049
1040 1050
1040 1051
1040 1052
1040 1201
1040 1202
1040 1203
1041 1043
1041 1044
1041 1051
1041 1052
1042 1043
1042 1045
1046 1047
1046 1062
1046 1064
1046 1065
1046 1066
1046 1067
1046 1068
1046 1265
1047 1048
1047 1066
1047 1264
1047 1265
1048 1049
1048 1175
1049 1052
1049 1203
1050 1051
1050 1196
1050 1202
1050 1204
1055 1056
1055 1111
1055 1112
1055 1236
1057 1058
1057 1233
1057 1236
1057 1237
1061 1062
1061 1069
1061 1070
1061 1071
1061 1072
1061 1073
1061 1074
1061 1266
1062 1065
1062 1066
1062 1070
1062 1074
1063 1064
1063 1105
1063 1106
1063 1107
1063 1108
1063 1109
1063 1110
1063 1241
1064 1065
1064 1068
1064 1110
1064 1241
1067 1068
1067 1232
1067 1234
1067 1265
1069 1070
1069 1072
1069 1172
1069 1240
1071 1072
1071 1266
1073 1074
1073 1201
1073 1266
1073 1267
1075 1077
1075 1078
1075 1079
1075 1080
1075 1081
1076 1077
1076 1083
1076 1084
1076 1085
1076 1086
1076 1293
1076 1299
1076 1300
1077 1079
1077 1080
1077 1085
1077 1086
1078 1079
1078 1081
1082 1083
1082 1205
1082 1206
1082 1209
1083 1086
1083 1300
1084 1085
1084 1184
1084 1186
1084 1299
1087 1090
1087 1093
1087 1095
1087 1096
1088 1089
1088 1176
1088 1177
1088 1179
1089 1090
1089 1094
1091 1092
1091 1270
1091 1288
1091 1320
1091 1321
1091 1322
1091 1323
1091 1324
1092 1093
1092 1278
1092 1320
1092 1321
1096 1268
1096 1271
1105 1107
1105 1109
1105 1111
1105 1113
1106 1107
1106 1110
1106 1234
1106 1237
1108 1109
1108 1173
1108 1240
1108 1241
1114 1115
1114 1123
1114 1124
1114 1125
1114 1126
1114 1143
1114 1152
1114 1153
1115 1117
1115 1119
1115 1125
1115 1126
1116 1117
1116 1120
1118 1119
1118 1183
1118 1230
1118 1231
1121 1122
1121 1218
1121 1219
1121 1220
1121 1224
1121 1225
1121 1227
1121 1229
1122 1123
1122 1219
1122 1228
1122 1229
1123 1126
1123 1153
1124 1125
1124 1152
1124 1155
1124 1158
1127 1128
1127 1129
1127 1131
1127 1132
1129 1181
1129 1182
1130 1167
1130 1180
1132 1176
1132 1178
1134 1197
1134 1267
1136 1137
1136 1139
1136 1140
1136 1141
1136 1142
1136 1143
1136 1144
1136 1263
1137 1140
1137 1142
1137 1147
1137 1149
1138 1139
1138 1218
1138 1219
1138 1220
1138 1221
1138 1222
1138 1223
1138 1318
1139 1140
1139 1144
1139 1223
1139 1318
1141 1142
1141 1261
1141 1262
1141 1263
1143 1144
1143 1152
1143 1153
1143 1263
1145 1146
1145 1221
1145 1315
1145 1316
1145 1317
1146 1147
1146 1148
1146 1315
1146 1317
1154 1155
1154 1156
1154 1260
1154 1262
1157 1158
1157 1165
1157 1166
1157 1169
1162 1310
1162 1311
1163 1308
1163 1309
1168 1169
1168 1180
1168 1181
1168 1183
1189 1190
1189 1191
1192 1193
1192 1290
1192 1291
1192 1292
1194 1195
1194 1196
1194 1199
1194 1200
1197 1198
1197 1204
1201 1202
1201 1203
1208 1209
1208 1210
1208 1211
1208 1216
1212 1213
1212 1306
1212 1327
1212 1328
1213 1214
1213 1313
1215 1216
1215 1295
1215 1313
1215 1314
1217 1218
1217 1225
1217 1226
1217 1227
1217 1357
1218 1220
1218 1222
1218 1226
1218 1227
1219 1220
1219 1223
1221 1222
1221 1315
1221 1316
1221 1318
1224 1225
1224 1229
1225 1227
1225 1357
1243 1286
1243 1287
1244 1245
1244 1280
1244 1281
1244 1282
1244 1283
1244 1284
1244 1285
1244 1345
1245 1281
1245 1285
1250 1251
1250 1255
1250 1331
1250 1332
1250 1333
1250 1334
1250 1335
1250 1351
1251 1332
1251 1335
1253 1254
1253 1256
1255 1335
1255 1351
1256 1348
1256 1350
1270 1271
1270 1277
1270 1321
1270 1324
1280 1281
1280 1283
1280 1286
1280 1289
1282 1283
1282 1342
1282 1344
1282 1345
1284 1285
1284 1345
1288 1289
1288 1319
1288 1320
1288 1323
1292 1341
1292 1344
1293 1294
1293 1295
1293 1299
1293 1300
1296 1297
1296 1328
1297 1298
1297 1314
1301 1302
1301 1306
1303 1304
1303 1312
1303 1329
1303 1330
1304 1305
1304 1327
1322 1323
1322 1324
1322 1325
1322 1326
1326 1340
1326 1342
1331 1332
1331 1334
1331 1336
1331 1337
1333 1334
1333 1349
1333 1350
1333 1351
