1 2
1 3
1 4
1 5
1 6
1 7
1 8
1 10
1 11
1 21
1 22
1 24
1 25
1 29
1 32
1 36
1 42
1 47
1 48
1 54
1 58
1 60
1 70
1 77
1 78
1 79
1 82
1 92
1 95
1 96
1 98
1 102
1 104
1 116
1 117
1 120
1 122
1 135
1 136
1 137
1 139
1 143
1 161
1 164
1 167
1 179
1 190
1 193
1 195
1 197
1 198
1 201
1 206
1 215
1 219
1 222
1 224
1 226
1 228
1 232
1 242
1 248
1 252
1 255
1 263
1 264
1 267
1 278
1 282
1 283
1 284
1 286
1 289
1 290
1 300
1 305
1 308
1 310
1 322
1 324
1 325
1 326
1 331
1 332
1 333
1 334
1 338
1 342
1 345
1 360
1 365
1 366
1 372
1 374
1 375
1 382
1 383
1 393
1 394
1 396
1 397
1 399
1 415
1 416
1 422
1 425
1 426
1 430
1 433
1 440
1 449
1 450
1 454
1 460
1 465
1 467
1 471
1 476
1 478
1 483
1 495
1 497
1 504
1 513
1 518
1 521
1 524
1 525
1 527
1 531
1 532
1 537
1 542
1 556
1 566
1 574
1 578
1 579
1 580
1 581
1 582
1 584
1 592
1 593
1 595
1 596
1 597
1 598
1 599
1 600
1 601
1 602
1 603
1 604
1 605
1 606
1 607
1 608
1 609
1 610
1 611
1 612
1 613
1 614
1 615
1 616
1 617
1 618
1 619
1 620
1 621
1 622
1 623
1 624
1 625
1 626
1 627
1 628
1 629
1 630
1 631
1 632
1 633
1 634
1 635
1 636
1 637
1 638
1 639
1 640
1 641
1 642
1 643
1 644
1 645
1 646
1 647
1 648
1 649
1 650
1 651
1 652
1 653
1 654
1 655
1 656
1 657
1 658
1 659
1 660
1 661
1 662
1 663
1 664
1 665
1 666
1 667
1 668
1 669
1 670
1 671
1 672
1 673
1 674
1 675
1 676
1 677
1 678
1 679
1 680
1 681
1 682
2 683
3 11
3 29
3 34
3 98
3 120
3 263
3 289
3 422
3 449
3 542
3 566
3 655
4 6
4 7
4 40
4 42
4 82
4 88
4 96
4 116
4 142
4 153
4 181
4 215
4 253
4 284
4 638
4 684
4 685
5 10
5 21
5 48
5 57
5 137
5 331
5 486
5 592
5 678
5 686
5 687
6 7
6 8
6 9
6 11
6 12
6 13
6 14
6 15
6 16
6 21
6 22
6 23
6 27
6 29
6 30
6 35
6 36
6 39
6 40
6 41
6 42
6 44
6 54
6 57
6 58
6 70
6 77
6 78
6 79
6 82
6 83
6 84
6 85
6 88
6 96
6 99
6 101
6 103
6 104
6 105
6 109
6 116
6 117
6 120
6 126
6 135
6 137
6 139
6 149
6 151
6 153
6 161
6 168
6 170
6 179
6 181
6 184
6 185
6 187
6 188
6 193
6 195
6 198
6 200
6 201
6 208
6 215
6 222
6 232
6 233
6 234
6 237
6 239
6 246
6 247
6 248
6 252
6 253
6 261
6 263
6 264
6 265
6 268
6 280
6 284
6 285
6 290
6 300
6 305
6 322
6 323
6 324
6 325
6 334
6 347
6 353
6 360
6 363
6 365
6 372
6 374
6 376
6 381
6 386
6 399
6 400
6 404
6 411
6 413
6 416
6 421
6 423
6 433
6 450
6 452
6 463
6 467
6 470
6 471
6 473
6 503
6 510
6 518
6 525
6 532
6 550
6 551
6 566
6 570
6 571
6 574
6 580
6 582
6 584
6 598
6 603
6 608
6 617
6 618
6 622
6 623
6 626
6 640
6 641
6 642
6 643
6 644
6 647
6 648
6 651
6 656
6 657
6 664
6 667
6 668
6 674
6 677
6 679
6 680
6 681
6 682
6 684
6 688
6 689
6 690
6 691
6 692
6 693
6 694
6 695
6 696
6 697
6 698
6 699
6 700
6 701
6 702
6 703
6 704
6 705
6 706
6 707
6 708
6 709
6 710
6 711
6 712
6 713
6 714
6 715
6 716
6 717
6 718
6 719
6 720
6 721
6 722
6 723
6 724
6 725
6 726
6 727
6 728
6 729
6 730
7 11
7 13
7 14
7 21
7 22
7 23
7 29
7 30
7 35
7 36
7 39
7 40
7 41
7 42
7 44
7 54
7 57
7 77
7 78
7 79
7 82
7 83
7 84
7 92
7 103
7 105
7 109
7 116
7 117
7 120
7 126
7 139
7 143
7 161
7 170
7 179
7 187
7 195
7 222
7 232
7 233
7 234
7 239
7 252
7 261
7 263
7 267
7 284
7 322
7 325
7 326
7 363
7 365
7 381
7 399
7 400
7 438
7 467
7 477
7 525
7 532
7 551
7 580
7 582
7 603
7 647
7 677
7 679
7 681
7 682
7 684
7 689
7 691
7 692
7 694
7 698
7 699
7 700
7 701
7 704
7 712
7 719
7 728
7 729
7 731
7 732
7 733
7 734
7 735
7 736
7 737
7 738
7 739
7 740
7 741
8 530
10 742
11 28
11 34
11 48
11 110
11 120
11 133
11 137
11 145
11 194
11 242
11 307
11 452
11 453
11 502
11 561
11 697
11 743
11 744
11 745
11 746
21 47
21 48
21 98
21 122
21 215
21 275
21 368
21 524
21 525
21 668
12 22
22 78
22 84
22 96
22 103
22 113
22 120
22 174
22 181
22 201
22 206
22 222
22 233
22 239
22 269
22 322
22 349
22 416
22 477
22 801
22 802
22 803
18 24
24 28
24 31
24 33
24 34
24 37
24 46
24 50
24 51
24 56
24 58
24 73
24 74
24 95
24 115
24 118
24 162
24 166
24 169
24 190
24 230
24 245
24 256
24 284
24 314
24 316
24 354
24 378
24 410
24 428
24 459
24 468
24 498
24 533
24 534
24 538
24 547
24 553
24 555
24 567
24 568
24 585
24 747
24 764
24 799
24 804
24 805
24 806
24 807
24 808
24 809
24 810
24 811
24 812
24 813
24 814
24 815
24 816
24 817
24 818
24 819
24 820
24 821
24 822
24 823
24 824
24 825
24 826
24 827
25 34
25 289
25 828
15 29
18 29
26 29
29 61
29 71
29 122
29 123
29 132
29 155
29 197
29 203
29 213
29 215
29 250
29 304
29 322
29 324
29 344
29 371
29 385
29 387
29 402
29 458
29 520
29 526
29 544
29 683
29 743
29 777
29 805
29 848
29 849
29 850
29 851
29 852
29 853
29 854
29 855
29 856
29 857
29 858
32 447
32 859
15 36
17 36
26 36
36 176
36 765
36 773
36 809
36 861
40 42
41 42
42 43
42 76
42 79
42 82
42 87
42 92
42 104
42 107
42 135
42 146
42 153
42 215
42 222
42 253
42 260
42 265
42 281
42 295
42 296
42 300
42 319
42 322
42 360
42 399
42 467
42 470
42 486
42 532
42 603
42 607
42 751
42 838
42 863
42 906
47 72
47 741
15 48
48 66
48 120
48 805
54 94
54 123
54 173
54 215
54 247
54 274
54 322
54 805
54 816
54 854
58 284
58 317
58 813
15 60
17 60
38 60
39 60
60 78
60 92
60 96
60 100
60 103
60 113
60 120
60 122
60 124
60 138
60 140
60 145
60 156
60 179
60 181
60 195
60 210
60 234
60 240
60 241
60 244
60 248
60 260
60 264
60 272
60 286
60 294
60 297
60 309
60 322
60 324
60 347
60 356
60 357
60 363
60 383
60 389
60 399
60 402
60 404
60 407
60 429
60 435
60 452
60 456
60 475
60 477
60 490
60 493
60 509
60 519
60 524
60 545
60 549
60 554
60 558
60 561
60 562
60 576
60 579
60 591
60 609
60 613
60 620
60 643
60 644
60 652
60 682
60 686
60 726
60 728
60 739
60 746
60 751
60 753
60 756
60 772
60 775
60 776
60 778
60 782
60 784
60 788
60 790
60 792
60 794
60 828
60 842
60 877
60 882
60 896
60 909
60 910
60 911
60 912
60 913
60 914
60 915
60 916
60 917
60 918
60 919
60 920
70 113
70 168
70 219
70 232
70 233
70 239
70 259
70 269
70 322
70 473
70 482
70 612
70 680
77 648
15 78
17 78
40 78
78 96
78 120
78 126
78 322
78 372
40 79
79 111
79 135
79 153
79 222
79 252
79 253
79 264
16 82
17 82
27 82
40 82
82 92
82 105
82 299
82 413
82 457
82 504
15 92
17 92
27 92
39 92
40 92
41 92
44 92
92 397
95 164
95 190
95 327
15 96
17 96
96 103
96 114
96 120
96 138
96 140
96 145
96 181
96 189
96 218
96 252
96 259
96 264
96 269
96 286
96 322
96 372
96 382
96 383
96 456
96 477
96 496
96 518
96 561
96 591
96 609
96 613
96 623
96 640
96 687
96 739
96 744
96 789
96 905
40 98
98 120
98 255
98 279
98 338
98 374
98 446
98 449
98 542
98 927
98 928
102 215
40 104
104 146
104 153
104 184
104 195
104 215
104 252
104 263
104 284
104 300
104 322
40 116
116 117
116 120
116 138
116 167
116 179
116 199
116 202
116 213
116 257
116 260
116 263
116 322
116 380
116 382
116 518
116 525
116 617
116 640
116 653
116 933
117 138
117 139
117 161
117 167
117 168
117 177
117 179
117 195
117 202
117 206
117 213
117 225
117 236
117 260
117 263
117 264
117 277
117 285
117 286
117 322
117 324
117 326
117 329
117 343
117 380
117 381
117 382
117 383
117 401
117 411
117 423
117 444
117 450
117 473
117 511
117 516
117 525
117 527
117 532
117 536
117 541
117 556
117 557
117 558
117 560
117 561
117 578
117 581
117 582
117 588
117 605
117 607
117 610
117 618
117 623
117 626
117 648
117 650
117 653
117 666
117 673
117 681
117 682
117 704
117 706
117 713
117 720
117 729
117 745
117 771
117 789
117 797
117 844
117 931
117 934
117 935
117 936
117 937
117 938
117 939
117 940
117 941
117 942
15 120
17 120
34 120
38 120
39 120
40 120
53 120
56 120
86 120
106 120
113 120
120 135
120 157
120 177
120 194
120 202
120 224
120 228
120 263
120 264
120 272
120 322
120 324
120 329
120 340
120 345
120 378
120 393
120 403
120 426
120 427
120 452
120 456
120 458
120 476
120 477
120 502
120 518
120 522
120 524
120 525
120 539
120 561
120 579
120 629
120 746
120 762
120 776
120 777
120 789
120 794
120 856
120 858
120 864
120 869
120 882
120 907
120 943
120 944
15 122
17 122
38 122
39 122
43 122
52 122
57 122
61 122
71 122
83 122
122 177
122 298
122 322
122 344
122 524
55 135
76 135
81 135
84 135
85 135
107 135
135 144
135 152
135 153
135 215
135 247
135 252
135 253
136 169
136 446
136 513
136 542
136 927
136 928
137 274
139 285
139 289
139 363
139 452
139 458
139 505
139 746
139 776
139 783
139 785
139 917
51 143
143 175
143 314
143 387
143 410
143 864
143 949
161 189
161 204
161 264
161 322
161 352
161 458
161 469
161 485
161 500
161 557
161 578
161 706
161 713
161 789
161 935
12 164
164 204
164 239
164 274
164 290
164 327
164 375
164 623
40 167
84 167
113 167
138 167
167 195
167 204
167 213
167 257
167 260
167 263
167 322
167 329
167 380
167 381
167 557
167 578
167 623
167 653
167 794
167 935
167 954
140 179
179 195
179 263
179 322
179 329
179 381
179 401
179 416
179 483
179 623
179 794
190 327
142 193
193 213
193 252
193 274
193 322
193 360
193 376
193 423
193 450
193 458
193 657
193 968
40 195
84 195
107 195
130 195
138 195
195 260
195 264
195 286
195 322
195 329
195 381
195 382
195 401
195 444
195 461
195 519
195 557
195 560
195 578
195 593
195 623
195 666
195 789
195 969
195 970
195 971
195 972
197 298
197 322
198 310
198 973
198 974
201 331
201 374
201 472
201 473
201 497
201 615
201 616
201 679
74 206
84 206
105 206
206 523
206 975
15 215
17 215
26 215
34 215
41 215
45 215
50 215
51 215
52 215
55 215
64 215
66 215
67 215
68 215
69 215
76 215
81 215
84 215
85 215
86 215
87 215
93 215
94 215
107 215
111 215
112 215
129 215
130 215
132 215
146 215
150 215
151 215
152 215
153 215
176 215
177 215
186 215
188 215
191 215
203 215
204 215
210 215
214 215
215 227
215 233
215 235
215 238
215 239
215 247
215 253
215 340
215 368
215 869
219 233
219 239
219 322
219 326
219 328
219 343
219 352
219 360
219 375
219 381
219 394
219 404
219 407
219 409
219 412
219 415
219 461
219 476
219 477
219 501
219 525
219 551
219 570
219 582
219 612
219 613
219 615
219 619
219 628
219 629
219 633
219 634
219 635
219 715
219 717
219 722
219 745
219 948
219 977
40 222
103 222
222 259
222 260
222 274
222 321
222 322
222 360
222 394
222 624
15 224
17 224
39 224
52 224
114 224
224 258
224 263
224 274
224 293
224 296
224 330
224 339
224 340
224 354
224 363
224 368
224 388
224 395
224 402
224 414
224 424
224 452
224 453
224 472
224 509
224 530
224 543
224 575
224 726
224 746
224 763
224 764
224 793
224 828
224 869
224 873
224 944
224 978
226 255
226 305
226 321
226 347
226 422
226 449
226 966
40 228
114 228
160 228
163 228
228 322
228 686
228 966
232 252
232 290
232 322
232 399
232 525
232 677
232 680
232 966
242 344
94 248
152 248
247 248
248 253
76 252
84 252
130 252
146 252
233 252
247 252
252 253
255 305
255 321
255 346
255 513
15 263
17 263
27 263
40 263
84 263
105 263
202 263
263 322
263 329
263 381
263 403
263 416
263 501
263 623
263 924
264 286
264 322
264 423
264 444
264 447
264 450
264 496
264 512
264 536
264 860
264 940
33 267
40 267
91 267
267 322
267 390
267 393
267 837
267 990
278 321
278 374
278 435
278 456
278 493
278 497
278 666
278 789
278 927
119 282
282 322
282 344
282 351
282 430
282 524
282 907
282 952
273 283
283 301
283 308
283 311
283 321
283 322
283 328
283 330
283 336
283 337
283 341
283 342
283 346
283 372
283 373
283 377
283 388
283 424
283 442
283 451
283 482
283 488
283 517
283 522
283 523
283 535
283 537
283 545
283 551
283 563
283 565
283 582
283 583
283 667
283 800
283 992
283 993
283 994
283 995
283 996
283 997
283 998
283 999
283 1000
15 284
17 284
31 284
40 284
41 284
57 284
83 284
103 284
176 284
181 284
205 284
270 284
284 322
284 324
284 326
284 410
284 953
286 322
286 444
286 447
286 511
286 512
286 536
286 860
286 900
128 289
289 678
233 290
239 290
269 290
270 290
290 322
290 347
290 353
290 360
290 389
290 396
290 418
290 439
290 501
290 519
290 532
290 653
290 816
290 902
27 300
40 300
84 300
105 300
107 300
233 300
239 300
265 300
300 319
300 322
300 326
300 360
300 394
300 399
300 467
300 483
300 486
300 500
300 531
300 532
300 580
300 677
300 906
113 305
156 305
305 321
305 513
305 542
305 671
308 322
308 336
308 372
308 435
308 451
308 535
308 630
308 631
310 974
27 322
33 322
34 322
40 322
50 322
51 322
74 322
84 322
88 322
103 322
105 322
107 322
113 322
119 322
121 322
123 322
128 322
130 322
138 322
140 322
144 322
146 322
160 322
162 322
166 322
175 322
176 322
184 322
194 322
199 322
202 322
213 322
220 322
233 322
234 322
238 322
239 322
240 322
256 322
257 322
259 322
260 322
265 322
268 322
269 322
281 322
287 322
298 322
304 322
313 322
314 322
322 351
322 363
322 371
322 380
322 382
322 401
322 403
322 405
322 406
322 410
322 425
322 441
322 452
322 455
322 458
322 476
322 477
322 492
322 494
322 500
322 511
322 523
322 524
322 532
322 536
322 539
322 545
322 558
322 561
322 569
322 588
322 593
322 648
322 650
322 652
322 682
322 746
322 797
322 847
322 855
322 857
322 860
322 925
322 926
322 929
322 938
322 939
322 943
322 944
322 952
322 953
322 968
322 970
322 978
322 985
322 986
322 990
322 1004
322 1005
322 1006
322 1007
322 1008
322 1009
322 1010
15 324
103 324
236 324
293 324
303 324
324 351
324 425
324 524
324 843
40 325
325 682
27 326
298 326
299 326
326 496
326 840
331 454
327 332
233 333
333 665
333 991
272 334
334 511
256 338
261 338
338 374
338 446
338 456
338 472
338 494
338 513
338 542
338 636
338 637
338 665
338 774
338 927
338 928
311 342
342 372
342 424
342 517
342 545
342 563
342 583
342 994
342 999
342 1000
262 345
345 899
205 360
233 360
239 360
360 394
360 500
360 650
360 961
40 365
88 365
181 365
365 386
365 497
365 501
365 582
365 584
365 718
365 728
365 787
27 366
106 366
208 366
272 366
366 409
366 413
366 457
366 485
366 784
366 844
366 882
366 1014
259 372
311 372
341 372
372 517
372 523
372 537
372 544
372 545
372 563
372 993
372 1000
374 446
181 375
351 375
375 471
375 501
375 503
375 536
27 382
202 382
380 382
381 382
382 384
382 472
382 511
382 516
382 525
382 536
382 557
382 561
382 578
382 653
382 655
382 673
382 745
382 789
382 797
382 938
380 383
381 383
383 472
383 511
383 536
383 557
383 578
383 745
383 789
383 860
393 789
205 394
265 394
394 500
394 536
394 988
181 396
233 396
269 396
347 396
362 396
392 396
396 417
396 437
396 439
396 464
396 479
396 1013
51 397
83 397
205 397
259 397
260 397
281 397
397 641
397 880
40 399
84 399
181 399
205 399
234 399
239 399
259 399
265 399
281 399
319 399
399 463
399 465
399 467
399 469
399 471
399 483
399 486
399 493
399 514
399 532
399 536
399 551
399 559
399 579
399 580
399 582
399 587
399 590
399 647
399 650
399 653
399 658
399 665
399 666
399 673
399 679
399 725
399 974
399 987
399 1002
399 1021
181 415
233 415
415 677
81 416
84 416
181 416
205 416
416 483
416 566
306 422
321 422
422 442
422 671
422 928
113 425
138 425
303 425
343 425
351 425
387 425
425 514
425 516
425 519
425 560
425 593
425 641
425 777
425 844
425 925
15 426
17 426
178 426
180 426
339 426
426 452
426 524
426 530
426 641
426 686
94 430
196 430
233 430
235 430
285 430
303 430
315 430
320 430
344 430
369 430
408 430
430 524
430 678
43 433
57 433
59 433
106 433
121 433
351 433
356 433
391 433
411 433
433 459
433 642
433 856
433 1015
433 1022
440 629
440 652
306 449
449 655
138 450
142 450
298 450
335 450
384 450
398 450
450 536
450 561
454 472
265 460
281 460
312 460
352 460
460 471
460 481
460 488
460 500
460 506
460 536
460 559
460 580
460 647
460 648
460 672
460 677
181 465
239 465
400 465
465 471
465 478
465 501
465 506
465 536
465 569
465 573
465 580
465 672
27 467
40 467
52 467
84 467
103 467
233 467
239 467
259 467
265 467
269 467
400 467
408 467
409 467
467 486
467 532
181 471
259 471
265 471
303 471
400 471
461 471
471 500
471 503
471 536
471 559
471 647
471 721
471 963
471 974
471 982
40 476
238 476
429 476
476 519
476 523
476 536
476 558
476 559
476 573
181 478
239 478
478 481
478 500
478 504
478 521
478 536
478 647
478 988
233 483
400 483
483 532
483 536
483 566
181 495
495 677
456 497
461 497
493 497
497 536
497 551
497 570
176 504
181 504
504 521
504 825
452 513
513 582
513 655
513 671
39 518
209 518
258 518
403 518
414 518
456 518
518 666
518 991
521 536
521 789
521 965
83 524
123 524
128 524
492 524
524 536
524 722
84 525
138 525
175 525
233 525
239 525
265 525
340 525
351 525
355 525
381 525
401 525
403 525
412 525
492 525
525 536
525 722
525 863
260 527
439 527
527 536
527 963
281 531
531 587
233 532
239 532
265 532
281 532
306 532
319 532
401 532
461 532
487 532
532 653
311 537
336 537
341 537
451 537
517 537
537 576
537 583
537 584
537 997
537 999
537 1000
306 542
452 542
542 566
542 655
542 671
381 556
556 687
452 566
566 672
566 988
566 991
15 574
17 574
39 574
87 574
114 574
176 574
181 574
184 574
240 574
296 574
347 574
353 574
356 574
357 574
389 574
439 574
492 574
522 574
544 574
549 574
550 574
574 591
574 726
260 578
279 578
381 578
473 578
516 578
557 578
578 593
578 672
15 579
17 579
258 579
340 579
356 579
389 579
400 579
420 579
456 579
475 579
493 579
509 579
579 746
579 844
176 580
181 580
265 580
472 580
529 580
559 580
580 666
580 673
580 677
580 725
580 987
580 991
381 581
541 581
581 666
239 582
400 582
461 582
482 582
541 582
551 582
582 584
582 592
582 666
582 671
582 673
582 687
233 584
259 584
551 584
576 584
584 667
584 681
592 687
379 593
400 593
401 593
519 593
557 593
593 666
12 598
15 603
17 603
27 603
39 603
40 603
43 603
9 605
15 607
233 612
239 612
246 612
103 613
259 613
259 615
15 617
17 617
160 617
43 618
12 619
84 619
233 619
239 619
40 620
103 620
123 622
239 623
272 623
103 624
299 625
303 625
404 627
160 629
103 632
142 632
239 632
461 635
306 636
281 638
239 639
199 640
340 641
385 641
401 641
414 641
59 642
431 642
432 642
434 642
15 643
236 643
15 644
236 644
15 646
356 646
400 647
481 647
493 647
381 648
257 650
381 650
400 650
401 650
494 650
500 650
233 651
40 652
163 652
175 652
356 652
446 652
522 652
274 653
306 653
340 653
381 653
473 653
530 653
39 654
357 654
169 655
306 655
233 656
259 657
260 657
233 658
239 658
400 658
466 659
461 660
306 661
239 665
493 665
260 666
281 666
379 666
381 666
401 666
482 666
536 666
551 666
557 666
561 666
569 666
570 666
573 666
577 666
40 667
238 667
259 667
337 667
373 667
461 667
494 667
523 667
576 667
114 668
340 668
475 668
536 668
583 668
591 668
306 670
205 672
281 672
466 672
481 672
506 672
559 672
561 673
577 673
259 674
381 676
181 677
265 677
409 677
473 677
541 677
548 677
559 677
231 680
236 680
539 680
561 680
40 681
27 682
138 682
257 682
260 682
299 682
381 682
477 682
523 682
536 682
561 682
588 682
15 683
17 683
28 683
15 34
34 340
34 414
34 554
34 746
34 763
34 782
34 787
34 816
34 860
13 40
40 57
40 66
40 76
40 84
40 90
40 103
40 105
40 107
40 121
40 126
40 130
40 146
40 181
40 187
40 189
40 234
40 262
40 269
40 295
40 296
40 299
40 352
40 400
40 485
40 486
40 685
40 708
40 728
40 730
40 733
40 739
40 751
40 812
40 863
40 897
40 898
40 899
40 900
40 901
40 902
40 903
40 904
40 905
27 88
41 88
88 141
88 181
88 187
88 205
88 285
88 343
88 756
88 844
88 847
15 142
17 142
27 142
39 142
41 142
103 142
107 142
142 390
142 423
142 461
142 948
69 153
76 153
107 153
130 153
152 153
153 188
153 204
153 247
15 181
39 181
41 181
81 181
147 181
181 182
181 189
181 192
181 205
181 218
181 220
181 229
181 270
181 281
181 294
181 312
181 318
181 352
181 358
181 390
181 392
181 418
181 437
181 439
181 463
181 479
181 481
181 492
181 506
181 559
181 725
181 867
181 905
181 906
181 950
181 951
181 957
181 958
181 959
181 960
181 961
181 962
181 963
181 964
181 965
41 253
67 253
84 253
111 253
151 253
188 253
247 253
250 253
253 966
15 57
16 57
17 57
39 57
57 121
57 152
57 520
57 526
57 751
57 752
57 864
26 486
233 486
239 486
265 486
269 486
349 486
400 486
486 536
486 589
43 686
110 686
114 686
235 686
272 686
291 686
293 686
294 686
295 686
296 686
297 686
364 686
377 686
452 686
128 687
233 687
9 350
12 747
14 340
14 368
15 17
15 19
15 20
15 26
15 38
15 39
15 43
15 52
15 53
15 55
15 62
15 68
15 81
15 85
15 86
15 103
15 114
15 127
15 129
15 131
15 145
15 152
15 160
15 165
15 176
15 178
15 180
15 184
15 187
15 194
15 209
15 210
15 216
15 223
15 227
15 229
15 243
15 249
15 259
15 266
15 268
15 272
15 275
15 276
15 285
15 292
15 297
15 302
15 303
15 320
15 327
15 328
15 339
15 340
15 350
15 354
15 361
15 363
15 369
15 389
15 391
15 395
15 398
15 407
15 408
15 414
15 420
15 432
15 435
15 447
15 452
15 456
15 472
15 489
15 490
15 505
15 508
15 509
15 552
15 554
15 575
15 692
15 697
15 698
15 726
15 738
15 748
15 749
15 750
15 751
15 752
15 753
15 754
15 755
15 756
15 757
15 758
15 759
15 760
15 761
15 762
15 763
15 764
15 765
15 766
15 767
15 768
15 769
15 770
15 771
15 772
15 773
15 774
15 775
15 776
15 777
15 778
15 779
15 780
15 781
15 782
15 783
15 784
15 785
15 786
15 787
15 788
15 789
15 790
15 791
15 792
15 793
16 692
23 446
27 49
27 63
27 64
27 65
27 80
27 84
27 87
27 89
27 91
27 103
27 105
27 107
27 140
27 141
27 159
27 183
27 187
27 189
27 208
27 212
27 260
27 296
27 299
27 329
27 353
27 376
27 389
27 560
27 694
27 739
27 829
27 830
27 831
27 832
27 833
27 834
27 835
27 836
27 837
27 838
27 839
27 840
27 841
27 842
27 843
27 844
27 845
27 846
27 847
30 93
35 49
35 91
17 39
39 43
39 66
39 72
39 105
39 110
39 114
39 124
39 125
39 127
39 145
39 147
39 157
39 158
39 160
39 171
39 196
39 205
39 207
39 209
39 210
39 211
39 229
39 240
39 258
39 266
39 272
39 275
39 293
39 294
39 296
39 297
39 307
39 309
39 320
39 323
39 340
39 347
39 354
39 356
39 357
39 363
39 364
39 367
39 368
39 370
39 379
39 389
39 395
39 427
39 429
39 452
39 453
39 456
39 477
39 490
39 509
39 530
39 543
39 546
39 548
39 549
39 562
39 591
39 726
39 746
39 751
39 752
39 756
39 764
39 768
39 775
39 778
39 782
39 784
39 795
39 796
39 798
39 828
39 838
39 862
39 865
39 866
39 867
39 868
39 869
39 870
39 871
39 872
39 873
39 874
39 875
39 876
39 877
39 878
39 879
39 880
39 881
39 882
39 883
39 884
39 885
39 886
39 887
39 888
39 889
39 890
39 891
39 892
39 893
39 894
39 895
39 896
41 76
41 87
41 103
41 111
41 140
41 144
41 176
41 185
41 281
41 550
41 734
41 739
41 906
83 127
83 129
83 166
83 187
83 247
83 280
83 281
83 509
83 520
83 526
83 726
83 752
83 755
83 764
83 772
83 782
83 857
84 113
84 157
84 168
84 187
84 234
84 237
84 316
84 400
84 420
84 421
84 728
84 739
84 794
84 801
84 836
84 842
85 209
85 272
85 285
85 320
85 340
85 738
99 213
99 306
101 929
17 103
38 103
103 127
103 140
103 196
103 205
103 240
103 269
103 309
103 347
103 349
103 363
103 452
103 475
103 493
103 713
103 739
103 802
103 803
105 141
105 260
105 329
105 407
105 419
105 837
17 109
109 177
126 177
149 168
149 707
149 710
68 151
151 204
151 250
168 274
168 710
168 936
170 951
17 184
81 184
107 184
130 184
184 204
184 274
43 185
185 951
187 218
187 243
187 787
187 844
107 188
188 251
188 966
200 262
200 435
87 208
208 270
208 390
208 550
208 836
208 957
233 239
233 247
233 251
233 259
233 274
233 281
233 294
233 306
233 317
233 347
233 355
233 359
233 381
233 389
233 412
233 417
233 436
233 466
233 469
233 473
233 479
233 501
233 589
233 712
233 714
233 730
233 906
233 908
233 941
233 961
233 964
233 966
233 967
233 973
233 979
233 980
233 981
233 982
233 983
234 508
234 787
234 863
234 966
176 237
237 277
237 966
237 985
239 247
239 259
239 274
239 277
239 281
239 317
239 347
239 353
239 355
239 361
239 381
239 389
239 390
239 400
239 401
239 404
239 412
239 436
239 464
239 470
239 479
239 488
239 501
239 551
239 571
239 730
239 906
239 908
239 941
239 961
239 966
239 967
239 979
239 980
239 981
239 982
239 983
246 558
246 966
45 247
51 247
68 247
86 247
107 247
121 247
130 247
152 247
191 247
247 249
247 250
247 251
247 298
247 340
247 741
261 321
265 287
265 347
265 361
265 470
265 500
265 548
265 551
265 559
265 973
265 987
265 988
268 314
280 330
280 472
280 522
280 562
280 771
280 877
280 920
72 285
75 285
113 285
186 285
227 285
285 424
285 586
285 777
285 1001
26 323
303 323
323 885
192 347
205 347
347 353
347 357
347 392
347 418
347 439
347 962
347 1013
294 353
353 354
353 356
353 389
353 392
353 418
17 363
19 363
38 363
53 363
86 363
140 363
180 363
240 363
241 363
262 363
363 452
363 458
363 545
363 558
363 746
363 774
363 896
376 718
138 381
202 381
257 381
329 381
343 381
380 381
381 384
381 403
381 441
381 472
381 477
381 494
381 500
381 511
381 516
381 519
381 536
381 557
381 558
381 560
381 561
381 573
381 729
381 745
381 778
381 788
381 789
381 797
381 844
381 938
381 941
381 942
381 952
381 970
381 971
381 972
381 977
381 988
381 991
381 1010
381 1016
381 1017
381 1018
381 1019
381 1020
386 718
400 461
400 536
400 559
400 789
400 948
400 991
400 1002
400 1003
400 1021
131 411
411 457
411 789
106 413
413 457
413 474
421 489
421 500
421 536
335 423
423 536
17 452
52 452
81 452
86 452
106 452
114 452
140 452
145 452
160 452
165 452
180 452
209 452
227 452
229 452
240 452
241 452
258 452
272 452
276 452
292 452
327 452
330 452
339 452
340 452
367 452
395 452
402 452
414 452
452 453
452 491
452 492
452 530
452 534
452 543
452 746
452 788
452 864
452 928
452 944
452 990
297 463
463 536
463 587
463 590
463 825
176 470
470 494
470 523
470 819
470 974
260 473
473 536
473 557
473 561
473 789
473 931
256 503
351 503
401 503
503 536
510 721
389 550
507 550
550 1002
482 551
536 551
551 570
551 577
551 587
551 590
551 722
482 570
541 570
570 587
570 590
570 722
17 571
114 571
209 571
240 571
340 571
357 571
549 571
571 894
571 919
17 692
160 706
163 706
43 711
107 712
130 712
210 715
390 722
176 725
17 726
53 726
165 726
296 726
339 726
509 726
522 726
26 727
281 727
507 727
240 728
309 728
508 728
540 728
573 729
482 730
589 730
53 438
178 438
438 472
53 477
260 477
299 477
337 477
442 477
477 523
17 738
52 738
81 738
107 739
130 739
140 739
240 739
259 739
260 739
121 740
390 740
258 530
272 530
293 530
340 530
368 530
414 530
472 530
530 534
530 543
530 546
530 746
530 857
530 864
26 350
272 350
293 350
350 410
350 458
350 953
106 742
119 742
17 110
110 293
110 295
110 296
110 340
110 391
133 756
17 145
43 145
72 145
145 194
145 292
145 575
145 756
145 782
145 878
17 194
43 194
50 194
52 194
74 194
114 194
173 194
194 403
194 496
307 455
307 816
114 453
258 453
292 453
339 453
453 944
453 978
157 502
303 502
502 789
502 797
502 991
113 561
138 561
240 561
260 561
380 561
458 561
461 561
506 561
512 561
516 561
557 561
561 577
561 588
561 745
561 746
561 843
561 844
561 847
561 931
561 977
561 988
561 1016
50 744
86 744
93 744
94 744
17 746
140 746
147 746
209 746
258 746
272 746
293 746
295 746
296 746
297 746
339 746
340 746
402 746
414 746
420 746
475 746
493 746
523 746
536 746
543 746
545 746
546 746
554 746
575 746
17 340
43 340
52 340
106 340
129 340
144 340
176 340
178 340
209 340
210 340
258 340
272 340
340 424
340 427
340 428
340 429
340 444
340 472
340 474
340 511
340 515
340 520
340 526
340 534
340 538
340 540
340 543
340 546
340 553
340 591
340 771
340 774
340 780
340 789
340 798
340 816
340 820
340 860
340 864
340 873
340 880
340 894
340 900
340 990
340 1011
114 368
209 368
258 368
272 368
368 546
368 873
368 880
17 26
17 38
17 43
17 52
17 53
17 86
17 114
17 121
17 127
17 157
17 160
17 165
17 176
17 180
17 209
17 210
17 227
17 229
17 238
17 243
17 249
17 272
17 275
17 276
17 296
17 354
17 361
17 369
17 389
17 391
17 402
17 414
17 456
17 472
17 489
17 490
17 508
17 554
17 575
17 751
17 752
17 755
17 757
17 758
17 763
17 764
17 771
17 772
17 775
17 776
17 777
17 779
17 782
17 783
17 785
17 786
17 787
17 788
17 790
17 793
17 794
17 795
17 796
17 797
17 798
19 100
19 756
20 800
26 62
26 152
26 176
26 216
26 302
26 314
26 428
26 432
26 755
26 795
38 100
38 178
38 180
38 229
38 281
38 414
38 456
38 490
38 575
38 756
38 762
38 763
38 776
38 792
38 793
38 862
38 863
38 864
43 114
43 176
43 229
43 243
43 272
43 281
43 292
43 302
43 351
43 429
43 436
43 457
43 575
43 751
43 752
43 755
43 775
43 782
43 877
43 882
43 906
43 907
52 66
52 81
52 94
52 114
52 150
52 180
52 209
52 227
52 249
52 258
52 276
52 281
52 320
52 402
52 424
52 756
52 782
52 794
52 805
52 882
52 906
53 165
53 196
53 472
53 515
53 554
53 575
53 789
53 793
53 794
53 805
53 816
55 68
55 75
55 112
55 789
62 174
62 794
45 68
50 68
67 68
68 76
68 111
68 250
81 114
81 152
81 157
81 241
81 320
81 509
81 778
86 129
86 152
86 755
86 756
86 757
86 776
86 925
72 114
114 157
114 165
114 177
114 180
114 221
114 296
114 389
114 458
114 490
114 496
114 509
114 591
114 782
114 828
114 870
114 872
114 877
114 878
114 894
64 127
127 177
127 419
127 922
129 256
129 281
129 428
129 459
129 534
129 538
129 553
129 794
129 825
129 860
129 906
131 447
131 800
152 204
152 402
51 160
160 204
160 213
160 229
160 281
160 292
160 313
160 314
160 378
160 575
160 794
160 816
160 864
160 952
165 204
165 339
165 395
165 432
165 575
165 789
106 176
176 204
176 221
176 281
176 287
176 302
176 314
176 354
176 355
176 356
176 362
176 410
176 420
176 436
176 474
176 500
176 507
176 528
176 548
176 549
176 575
176 585
176 594
176 764
176 771
176 774
176 857
176 906
176 955
176 956
178 274
178 361
178 432
178 838
180 292
180 395
180 402
180 456
180 490
180 776
180 777
180 788
180 792
180 793
180 797
180 864
180 870
209 258
209 272
209 456
209 562
209 775
209 864
209 869
209 873
209 877
209 880
209 894
125 210
147 210
210 424
210 427
210 508
210 787
216 351
216 398
216 860
216 907
51 223
223 274
227 276
227 402
227 424
227 966
125 229
147 229
189 243
243 772
132 249
203 249
141 259
156 259
259 297
259 328
259 789
207 266
266 354
266 498
266 795
266 814
266 976
266 989
73 272
272 291
272 293
272 296
272 297
272 339
272 354
272 364
272 369
272 379
272 389
272 407
272 420
272 475
272 534
272 543
272 546
272 585
272 591
272 764
272 770
272 775
272 781
272 783
272 788
272 864
272 869
272 873
272 877
272 880
272 882
272 895
272 896
272 944
272 967
272 973
275 575
276 789
258 292
292 316
292 330
292 361
292 389
292 414
292 575
292 793
292 944
292 978
293 297
51 302
106 302
302 572
302 782
49 303
91 303
299 303
303 351
303 401
303 501
303 514
303 536
303 797
303 885
320 420
320 765
320 773
320 782
269 328
328 536
328 545
328 882
258 339
339 387
339 402
339 472
339 575
339 789
339 793
339 944
231 354
296 354
354 585
354 764
354 814
294 361
356 361
293 369
369 585
369 774
369 873
369 984
240 389
258 389
260 389
293 389
294 389
356 389
357 389
389 418
389 479
389 519
389 549
389 883
389 990
391 515
258 395
356 395
395 789
335 398
398 511
398 860
244 407
407 427
407 488
407 1014
314 408
316 408
408 432
408 468
408 562
408 575
408 1003
414 778
414 793
124 420
420 515
420 575
420 586
420 591
420 844
258 432
356 432
432 459
432 856
432 1015
432 1022
258 435
356 435
435 456
97 447
351 447
447 505
258 456
356 456
456 475
456 493
456 539
456 783
456 789
258 472
260 472
377 472
378 472
384 472
403 472
461 472
462 472
464 472
472 491
472 544
472 844
472 864
240 489
489 842
124 490
490 522
256 505
281 505
468 505
505 572
508 554
508 787
240 509
313 509
509 554
509 575
405 552
552 791
356 554
554 842
554 847
163 575
258 575
281 575
364 575
378 575
436 575
474 575
507 575
543 575
575 847
318 764
147 768
73 769
107 772
317 778
356 778
106 782
240 782
356 782
475 783
240 784
356 784
357 784
240 787
140 788
240 788
475 788
106 789
166 789
196 789
258 789
260 789
281 789
379 789
385 789
401 789
427 789
455 789
474 789
485 789
488 789
493 789
516 789
543 789
212 790
496 790
281 791
291 791
443 791
258 793
75 121
121 177
121 878
121 945
157 277
238 277
238 409
238 493
238 523
238 961
238 966
238 985
258 296
293 296
296 356
296 405
296 515
296 522
296 549
296 838
296 896
296 1002
240 402
258 402
64 794
154 794
207 795
18 31
18 51
18 73
18 115
18 154
18 162
18 231
18 410
18 529
18 799
31 46
31 162
31 230
31 314
31 410
51 74
51 115
51 162
51 163
51 174
51 281
51 314
51 436
51 805
51 906
73 115
115 177
154 951
46 162
162 204
162 231
162 281
162 304
162 387
162 410
162 877
162 906
231 410
231 498
231 966
46 410
106 410
163 410
230 410
270 410
355 410
410 953
428 529
529 534
529 553
529 567
529 864
100 204
451 800
488 800
113 177
113 213
113 260
113 343
113 351
113 516
113 907
113 932
174 351
174 951
269 274
269 461
269 948
330 349
112 801
446 927
33 59
33 501
33 804
33 809
37 45
37 458
46 533
50 66
50 74
50 93
50 94
50 97
50 123
50 150
50 351
50 403
50 805
50 808
50 816
50 907
50 908
56 805
74 93
90 118
118 403
118 816
90 166
166 204
166 213
230 274
230 966
245 966
256 274
256 403
256 468
256 494
256 558
256 572
256 816
256 986
214 314
288 314
314 316
314 468
314 929
314 961
214 316
316 427
316 468
316 488
316 507
316 562
316 987
316 1003
163 378
378 539
378 821
186 428
428 474
428 515
428 534
428 538
428 553
428 864
431 459
434 459
459 498
459 857
459 1022
254 468
351 468
468 572
468 816
498 555
533 555
533 567
533 822
533 823
186 534
258 534
528 534
534 825
186 538
538 568
538 585
538 919
547 568
186 553
553 864
479 555
555 568
555 585
555 826
567 568
567 585
568 585
568 826
568 1024
356 585
479 585
585 827
455 816
359 819
479 819
520 820
526 820
586 822
528 825
586 825
549 828
49 63
49 65
49 91
49 834
63 91
64 235
64 419
64 837
64 921
64 922
64 923
65 91
65 159
65 829
65 834
65 841
65 845
80 91
87 356
87 548
89 834
89 841
91 141
91 835
107 260
140 196
140 240
141 351
159 845
183 839
189 218
189 469
130 260
260 274
260 329
260 403
260 409
260 444
260 511
260 512
260 519
260 557
260 560
260 839
260 924
260 970
260 971
299 329
299 501
299 560
299 839
299 843
299 900
299 972
138 329
202 329
257 329
329 403
329 496
329 560
329 970
329 972
343 560
384 560
560 844
560 972
186 836
106 837
419 837
384 839
240 842
380 844
536 844
541 844
549 844
257 847
493 847
523 847
536 847
549 847
123 213
123 344
123 852
155 204
155 213
155 951
66 213
163 213
213 225
213 458
150 250
304 441
66 344
344 1012
163 371
175 371
371 535
163 387
281 387
225 458
254 458
277 458
163 520
281 520
313 520
163 526
281 526
313 526
281 856
431 856
434 856
356 857
434 857
69 93
93 94
93 150
59 352
59 485
418 501
461 501
501 536
196 860
335 860
106 281
281 405
281 406
281 436
281 500
281 863
281 864
281 877
281 906
281 929
281 953
281 961
281 991
516 863
163 864
474 864
572 864
72 924
124 171
124 867
124 868
124 870
124 871
124 910
125 158
125 171
125 211
125 867
125 868
125 874
125 881
125 890
147 182
147 192
147 211
147 220
147 867
147 874
147 875
147 881
147 890
147 896
147 950
158 211
158 277
171 868
196 313
205 343
205 352
205 390
205 439
205 494
205 500
205 506
205 870
205 961
207 318
207 976
211 277
240 241
240 294
240 356
240 357
240 894
240 918
258 274
258 293
258 377
258 379
258 424
258 562
258 869
258 873
258 880
258 902
258 944
235 293
293 294
293 295
293 357
293 546
293 549
293 1002
294 1002
309 356
313 356
356 479
356 492
356 493
356 515
356 549
356 562
356 894
356 896
356 1002
357 392
357 418
357 515
357 548
291 364
364 1002
367 586
370 915
379 427
549 1002
562 978
406 591
475 591
182 867
106 882
76 146
90 94
262 424
262 899
485 1011
523 905
67 111
144 457
144 474
106 906
138 351
351 401
351 403
351 405
351 417
351 514
351 939
175 436
287 436
436 536
106 457
457 594
138 907
94 150
94 214
97 403
97 494
97 558
97 926
150 204
150 214
257 403
403 494
403 500
403 536
403 558
403 926
403 943
403 947
403 952
403 970
403 986
403 988
163 204
163 949
163 953
424 536
424 545
491 515
515 540
515 586
173 951
119 274
138 274
217 274
218 274
254 274
112 177
138 202
138 204
138 225
138 257
138 335
138 343
138 380
138 409
138 445
138 516
138 536
138 558
138 588
138 924
138 935
138 946
138 947
156 951
241 967
244 915
493 536
493 991
493 1002
493 1003
479 519
519 536
519 573
273 545
301 545
311 545
321 545
336 545
337 545
341 545
346 545
373 545
377 545
388 545
545 583
494 558
558 974
558 988
461 576
235 966
235 984
106 419
186 921
106 922
186 922
69 214
214 966
337 482
445 482
461 482
482 536
482 577
343 536
343 940
496 536
496 940
494 536
494 926
494 988
306 541
148 204
175 204
119 929
106 474
106 930
106 931
474 491
474 539
464 930
108 177
119 177
492 516
516 536
516 557
516 940
221 966
199 257
257 380
257 401
257 523
257 938
380 384
380 512
380 536
380 971
380 1016
401 511
401 536
401 573
401 938
401 943
401 952
401 986
401 1021
444 512
444 536
335 511
384 511
511 536
341 536
409 536
445 536
461 536
464 536
469 536
479 536
481 536
492 536
499 536
500 536
506 536
512 536
514 536
523 536
536 541
536 974
442 541
541 1019
128 934
464 539
134 217
217 966
175 500
175 949
182 192
182 950
192 312
192 964
172 951
469 499
500 988
362 464
480 507
507 528
507 594
507 956
507 987
507 1023
594 965
358 418
392 437
392 439
392 506
392 962
359 418
418 439
418 962
418 1013
417 437
437 464
417 439
417 479
479 487
479 1013
406 492
559 987
559 991
254 966
191 967
271 967
384 972
405 972
517 523
311 321
564 978
417 464
480 984
464 487
464 1023
451 488
462 572
377 1015
590 987
484 989
291 431
291 1002
448 991
569 991
311 336
311 517
311 535
311 563
311 583
311 999
311 1000
336 337
336 341
336 442
336 451
336 535
336 583
336 996
337 535
341 442
341 517
341 563
341 565
341 583
341 1000
441 442
451 583
517 535
517 563
517 565
517 583
517 996
517 999
535 1008
563 583
563 999
565 996
583 999
583 1000
540 586
288 315
288 348
288 462
288 480
288 484
315 348
315 462
315 480
315 484
348 480
348 484
431 1015
431 1022
487 1013
587 590
434 1022
